1	1.386762	1.062135e+05	1173.07	2037.64	1.869799e-01	845.90	0.165626	0.785529	0.000306	0.000457	0.000144	0.000001	0.047931	0.000000	0.000000	0.000005	0.000000	0.000000	0.000000	877.359576	4.000000	7.415235
2	1.386762	1.062135e+05	1173.07	2037.64	1.869799e-01	845.90	0.165626	0.785529	0.000306	0.000457	0.000144	0.000001	0.047931	0.000000	0.000000	0.000005	0.000000	0.000000	0.000000	877.359576	4.000000	7.415235
3	1.384525	1.064204e+05	1171.54	2038.96	1.872229e-01	846.17	0.165626	0.785529	0.000306	0.000457	0.000144	0.000001	0.047931	0.000000	0.000000	0.000005	0.000000	0.000000	0.000000	877.359576	4.000000	7.694604
4	1.384531	1.064199e+05	1171.55	2038.95	1.872223e-01	846.17	0.165626	0.785529	0.000306	0.000457	0.000144	0.000001	0.047931	0.000000	0.000000	0.000005	0.000000	0.000000	0.000000	877.359576	4.000000	7.693874
5	1.385646	1.063167e+05	1172.31	2038.30	1.871011e-01	846.04	0.165626	0.785529	0.000306	0.000457	0.000144	0.000001	0.047931	0.000000	0.000000	0.000005	0.000000	0.000000	0.000000	877.359576	4.000000	7.554554
6	1.385646	1.063167e+05	1172.31	2038.30	1.871011e-01	846.04	0.165626	0.785529	0.000306	0.000457	0.000144	0.000001	0.047931	0.000000	0.000000	0.000005	0.000000	0.000000	0.000000	877.359576	4.000000	7.554554
7	1.385646	1.063167e+05	1172.31	2038.30	1.871011e-01	846.04	0.165626	0.785529	0.000306	0.000457	0.000144	0.000001	0.047931	0.000000	0.000000	0.000005	0.000000	0.000000	0.000000	877.359576	4.000000	7.554554
8	1.385646	1.063167e+05	1172.31	2038.30	1.871011e-01	846.04	0.165626	0.785529	0.000306	0.000457	0.000144	0.000001	0.047931	0.000000	0.000000	0.000005	0.000000	0.000000	0.000000	877.359576	4.000000	7.554554
9	1.385646	1.063167e+05	1172.31	2038.30	1.871011e-01	846.04	0.165626	0.785529	0.000306	0.000457	0.000144	0.000001	0.047931	0.000000	0.000000	0.000005	0.000000	0.000000	0.000000	877.359576	4.000000	7.554554
10	1.385646	1.063167e+05	1172.31	2038.30	1.871011e-01	846.04	0.165626	0.785529	0.000306	0.000457	0.000144	0.000001	0.047931	0.000000	0.000000	0.000005	0.000000	0.000000	0.000000	877.359576	4.000000	7.554554
11	1.385646	1.063167e+05	1172.31	2038.30	1.871011e-01	846.04	0.165626	0.785529	0.000306	0.000457	0.000144	0.000001	0.047931	0.000000	0.000000	0.000005	0.000000	0.000000	0.000000	877.359576	4.000000	7.554554
12	1.385646	1.063167e+05	1172.31	2038.30	1.871011e-01	846.04	0.165626	0.785529	0.000306	0.000457	0.000144	0.000001	0.047931	0.000000	0.000000	0.000005	0.000000	0.000000	0.000000	877.359576	4.000000	7.554554
13	1.385646	1.063167e+05	1172.31	2038.30	1.871011e-01	846.04	0.165626	0.785529	0.000306	0.000457	0.000144	0.000001	0.047931	0.000000	0.000000	0.000005	0.000000	0.000000	0.000000	877.359576	4.000000	7.554554
14	1.385646	1.063167e+05	1172.31	2038.30	1.871011e-01	846.04	0.165626	0.785529	0.000306	0.000457	0.000144	0.000001	0.047931	0.000000	0.000000	0.000005	0.000000	0.000000	0.000000	877.359576	4.000000	7.554554
15	1.385646	1.063167e+05	1172.31	2038.30	1.871011e-01	846.04	0.165626	0.785529	0.000306	0.000457	0.000144	0.000001	0.047931	0.000000	0.000000	0.000005	0.000000	0.000000	0.000000	877.359576	4.000000	7.554554
16	1.385646	1.063167e+05	1172.31	2038.30	1.871011e-01	846.04	0.165626	0.785529	0.000306	0.000457	0.000144	0.000001	0.047931	0.000000	0.000000	0.000005	0.000000	0.000000	0.000000	877.359576	4.000000	7.554554
17	1.385646	1.063167e+05	1172.31	2038.30	1.871011e-01	846.04	0.165626	0.785529	0.000306	0.000457	0.000144	0.000001	0.047931	0.000000	0.000000	0.000005	0.000000	0.000000	0.000000	877.359576	4.000000	7.554554
18	1.385646	1.063167e+05	1172.31	2038.30	1.871011e-01	846.04	0.165626	0.785529	0.000306	0.000457	0.000144	0.000001	0.047931	0.000000	0.000000	0.000005	0.000000	0.000000	0.000000	877.359576	4.000000	7.554554
19	1.385646	1.063167e+05	1172.31	2038.30	1.871011e-01	846.04	0.165626	0.785529	0.000306	0.000457	0.000144	0.000001	0.047931	0.000000	0.000000	0.000005	0.000000	0.000000	0.000000	877.359576	4.000000	7.554554
20	1.385646	1.063167e+05	1172.31	2038.30	1.871011e-01	846.04	0.165626	0.785529	0.000306	0.000457	0.000144	0.000001	0.047931	0.000000	0.000000	0.000005	0.000000	0.000000	0.000000	877.359576	4.000000	7.554554
21	1.385646	1.063167e+05	1172.31	2038.30	1.871011e-01	846.04	0.165626	0.785529	0.000306	0.000457	0.000144	0.000001	0.047931	0.000000	0.000000	0.000005	0.000000	0.000000	0.000000	877.359576	4.000000	7.554554
22	1.385646	1.063167e+05	1172.31	2038.30	1.871011e-01	846.04	0.165626	0.785529	0.000306	0.000457	0.000144	0.000001	0.047931	0.000000	0.000000	0.000005	0.000000	0.000000	0.000000	877.359576	4.000000	7.554554
23	1.385646	1.063167e+05	1172.31	2038.30	1.871011e-01	846.04	0.165626	0.785529	0.000306	0.000457	0.000144	0.000001	0.047931	0.000000	0.000000	0.000005	0.000000	0.000000	0.000000	877.359576	4.000000	7.554554
24	1.385646	1.063167e+05	1172.31	2038.30	1.871011e-01	846.04	0.165626	0.785529	0.000306	0.000457	0.000144	0.000001	0.047931	0.000000	0.000000	0.000005	0.000000	0.000000	0.000000	877.359576	4.000000	7.554554
25	1.385646	1.063167e+05	1172.31	2038.30	1.871011e-01	846.04	0.165626	0.785529	0.000306	0.000457	0.000144	0.000001	0.047931	0.000000	0.000000	0.000005	0.000000	0.000000	0.000000	877.359589	4.000000	7.554554
26	1.385645	1.063169e+05	1172.30	2038.30	1.871014e-01	846.04	0.165626	0.785529	0.000306	0.000457	0.000144	0.000001	0.047931	0.000000	0.000000	0.000005	0.000000	0.000000	0.000000	877.359576	4.000000	7.554554
27	1.384528	1.064203e+05	1171.54	2038.96	1.872228e-01	846.17	0.165626	0.785529	0.000306	0.000457	0.000144	0.000001	0.047931	0.000000	0.000000	0.000005	0.000000	0.000000	0.000000	877.359576	4.000000	7.693874
28	1.378810	1.069513e+05	1167.64	2042.33	1.878466e-01	846.85	0.165626	0.785529	0.000306	0.000457	0.000144	0.000001	0.047931	0.000000	0.000000	0.000005	0.000000	0.000000	0.000000	877.359576	4.000000	8.407319
29	1.412414	1.019284e+05	1190.50	2022.65	1.808458e-01	842.88	0.165626	0.785529	0.000306	0.000457	0.000144	0.000001	0.047931	0.000000	0.000000	0.000005	0.000000	0.000000	0.000000	877.359576	4.070337	8.407319
30	1.409408	1.024803e+05	1188.38	2024.10	1.815534e-01	843.17	0.165626	0.785529	0.000306	0.000457	0.000144	0.000001	0.047931	0.000000	0.000000	0.000005	0.000000	0.000000	0.000000	877.359576	4.070337	8.407319
31	1.378810	1.069513e+05	1167.64	2042.33	1.878466e-01	846.85	0.165626	0.785529	0.000306	0.000457	0.000144	0.000001	0.047931	0.000000	0.000000	0.000005	0.000000	0.000000	0.000000	877.359576	4.000000	8.407319
32	1.378810	1.069513e+05	1167.64	2042.33	1.878466e-01	846.85	0.165626	0.785529	0.000306	0.000457	0.000144	0.000001	0.047931	0.000000	0.000000	0.000005	0.000000	0.000000	0.000000	877.359576	4.000000	8.407319
33	1.378810	1.069513e+05	1167.64	2042.33	1.878466e-01	846.85	0.165626	0.785529	0.000306	0.000457	0.000144	0.000001	0.047931	0.000000	0.000000	0.000005	0.000000	0.000000	0.000000	877.359576	4.000000	8.407319
34	1.378810	1.069513e+05	1167.64	2042.33	1.878466e-01	846.85	0.165626	0.785529	0.000306	0.000457	0.000144	0.000001	0.047931	0.000000	0.000000	0.000005	0.000000	0.000000	0.000000	877.359576	4.000000	8.407319
35	1.378810	1.069513e+05	1167.64	2042.33	1.878466e-01	846.85	0.165626	0.785529	0.000306	0.000457	0.000144	0.000001	0.047931	0.000000	0.000000	0.000005	0.000000	0.000000	0.000000	877.359576	4.000000	8.407319
36	1.378810	1.069513e+05	1167.64	2042.33	1.878466e-01	846.85	0.165626	0.785529	0.000306	0.000457	0.000144	0.000001	0.047931	0.000000	0.000000	0.000005	0.000000	0.000000	0.000000	877.359576	4.000000	8.407319
37	1.378810	1.069513e+05	1167.64	2042.33	1.878466e-01	846.85	0.165626	0.785529	0.000306	0.000457	0.000144	0.000001	0.047931	0.000000	0.000000	0.000005	0.000000	0.000000	0.000000	877.359576	4.000000	8.407319
38	1.378810	1.069513e+05	1167.64	2042.33	1.878466e-01	846.85	0.165626	0.785529	0.000306	0.000457	0.000144	0.000001	0.047931	0.000000	0.000000	0.000005	0.000000	0.000000	0.000000	877.359576	4.000000	8.407319
39	1.378810	1.069513e+05	1167.64	2042.33	1.878466e-01	846.85	0.165626	0.785529	0.000306	0.000457	0.000144	0.000001	0.047931	0.000000	0.000000	0.000005	0.000000	0.000000	0.000000	877.359576	4.000000	8.407319
40	1.378810	1.069513e+05	1167.64	2042.33	1.878466e-01	846.85	0.165626	0.785529	0.000306	0.000457	0.000144	0.000001	0.047931	0.000000	0.000000	0.000005	0.000000	0.000000	0.000000	877.359576	4.000000	8.407319
41	1.378810	1.069513e+05	1167.64	2042.33	1.878466e-01	846.85	0.165626	0.785529	0.000306	0.000457	0.000144	0.000001	0.047931	0.000000	0.000000	0.000005	0.000000	0.000000	0.000000	877.359576	4.000000	8.407319
42	1.378810	1.069513e+05	1167.64	2042.33	1.878466e-01	846.85	0.165626	0.785529	0.000306	0.000457	0.000144	0.000001	0.047931	0.000000	0.000000	0.000005	0.000000	0.000000	0.000000	877.359576	4.000000	8.407319
43	1.378810	1.069513e+05	1167.64	2042.33	1.878466e-01	846.85	0.165626	0.785529	0.000306	0.000457	0.000144	0.000001	0.047931	0.000000	0.000000	0.000005	0.000000	0.000000	0.000000	877.359576	4.000000	8.407319
44	1.378810	1.069513e+05	1167.64	2042.33	1.878466e-01	846.85	0.165626	0.785529	0.000306	0.000457	0.000144	0.000001	0.047931	0.000000	0.000000	0.000005	0.000000	0.000000	0.000000	877.359576	4.000000	8.407319
45	1.378810	1.069513e+05	1167.64	2042.33	1.878466e-01	846.85	0.165626	0.785529	0.000306	0.000457	0.000144	0.000001	0.047931	0.000000	0.000000	0.000005	0.000000	0.000000	0.000000	877.359576	4.000000	8.407319
46	1.378810	1.069513e+05	1167.64	2042.33	1.878466e-01	846.85	0.165626	0.785529	0.000306	0.000457	0.000144	0.000001	0.047931	0.000000	0.000000	0.000005	0.000000	0.000000	0.000000	877.359576	4.000000	8.407319
47	1.378810	1.069513e+05	1167.64	2042.33	1.878466e-01	846.85	0.165626	0.785529	0.000306	0.000457	0.000144	0.000001	0.047931	0.000000	0.000000	0.000005	0.000000	0.000000	0.000000	877.359576	4.000000	8.407319
48	1.378810	1.069513e+05	1167.64	2042.33	1.878466e-01	846.85	0.165626	0.785529	0.000306	0.000457	0.000144	0.000001	0.047931	0.000000	0.000000	0.000005	0.000000	0.000000	0.000000	877.359576	4.000000	8.407319
49	1.378810	1.069513e+05	1167.64	2042.33	1.878466e-01	846.85	0.165626	0.785529	0.000306	0.000457	0.000144	0.000001	0.047931	0.000000	0.000000	0.000005	0.000000	0.000000	0.000000	877.359576	4.000000	8.407319
50	1.378810	1.069513e+05	1167.64	2042.33	1.878466e-01	846.85	0.165626	0.785529	0.000306	0.000457	0.000144	0.000001	0.047931	0.000000	0.000000	0.000005	0.000000	0.000000	0.000000	877.359576	4.000000	8.407319
51	1.378810	1.069513e+05	1167.64	2042.33	1.878466e-01	846.85	0.165626	0.785529	0.000306	0.000457	0.000144	0.000001	0.047931	0.000000	0.000000	0.000005	0.000000	0.000000	0.000000	877.359589	4.000000	8.407319
52	1.409403	1.024714e+05	1188.37	2024.10	1.815462e-01	843.18	0.165626	0.785529	0.000306	0.000457	0.000144	0.000001	0.047931	0.000000	0.000000	0.000005	0.000000	0.000000	0.000000	877.359576	4.070337	8.407319
53	1.409593	1.024399e+05	1188.51	2024.02	1.815051e-01	843.16	0.165626	0.785529	0.000306	0.000457	0.000144	0.000001	0.047931	0.000000	0.000000	0.000005	0.000000	0.000000	0.000000	877.359576	4.070337	8.407319
54	1.383955	1.064736e+05	1171.15	2039.29	1.872855e-01	846.24	0.165626	0.785529	0.000306	0.000457	0.000144	0.000001	0.047931	0.000000	0.000000	0.000005	0.000000	0.000000	0.000000	877.359576	4.000000	7.765219
55	1.383382	1.065268e+05	1170.76	2039.63	1.873480e-01	846.30	0.165626	0.785529	0.000306	0.000457	0.000144	0.000001	0.047931	0.000000	0.000000	0.000005	0.000000	0.000000	0.000000	877.359576	4.000000	7.836563
56	1.381719	1.066815e+05	1169.63	2040.61	1.875298e-01	846.50	0.165626	0.785529	0.000306	0.000457	0.000144	0.000001	0.047931	0.000000	0.000000	0.000005	0.000000	0.000000	0.000000	877.359576	4.000000	8.043740
57	1.383372	1.064355e+05	1170.75	2039.63	1.871856e-01	846.30	0.165626	0.785529	0.000306	0.000457	0.000144	0.000001	0.047931	0.000000	0.000000	0.000005	0.000000	0.000000	0.000000	877.359576	4.003602	8.043740
58	1.383409	1.064287e+05	1170.78	2039.62	1.871768e-01	846.30	0.165626	0.785529	0.000306	0.000457	0.000144	0.000001	0.047931	0.000000	0.000000	0.000005	0.000000	0.000000	0.000000	877.359576	4.003602	8.043740
59	1.383208	1.065430e+05	1170.64	2039.73	1.873670e-01	846.32	0.165626	0.785529	0.000306	0.000457	0.000144	0.000001	0.047931	0.000000	0.000000	0.000005	0.000000	0.000000	0.000000	877.359576	4.000000	7.858256
60	1.383034	1.065592e+05	1170.52	2039.84	1.873860e-01	846.35	0.165626	0.785529	0.000306	0.000457	0.000144	0.000001	0.047931	0.000000	0.000000	0.000005	0.000000	0.000000	0.000000	877.359576	4.000000	7.879950
61	1.381292	1.067213e+05	1169.34	2040.87	1.875766e-01	846.55	0.165626	0.785529	0.000306	0.000457	0.000144	0.000001	0.047931	0.000000	0.000000	0.000005	0.000000	0.000000	0.000000	877.359576	4.000000	8.096882
62	1.385125	1.061509e+05	1171.95	2038.59	1.867785e-01	846.10	0.165626	0.785529	0.000306	0.000457	0.000144	0.000001	0.047931	0.000000	0.000000	0.000005	0.000000	0.000000	0.000000	877.359576	4.008354	8.096882
63	1.385193	1.061386e+05	1172.00	2038.56	1.867626e-01	846.09	0.165626	0.785529	0.000306	0.000457	0.000144	0.000001	0.047931	0.000000	0.000000	0.000005	0.000000	0.000000	0.000000	877.359576	4.008354	8.096882
64	1.382860	1.065754e+05	1170.41	2039.94	1.874050e-01	846.37	0.165626	0.785529	0.000306	0.000457	0.000144	0.000001	0.047931	0.000000	0.000000	0.000005	0.000000	0.000000	0.000000	877.359576	4.000000	7.901643
65	1.382686	1.065916e+05	1170.29	2040.04	1.874241e-01	846.39	0.165626	0.785529	0.000306	0.000457	0.000144	0.000001	0.047931	0.000000	0.000000	0.000005	0.000000	0.000000	0.000000	877.359576	4.000000	7.923336
66	1.380943	1.067538e+05	1169.10	2041.07	1.876148e-01	846.59	0.165626	0.785529	0.000306	0.000457	0.000144	0.000001	0.047931	0.000000	0.000000	0.000005	0.000000	0.000000	0.000000	877.359576	4.000000	8.140268
67	1.386499	1.059273e+05	1172.88	2037.78	1.864584e-01	845.93	0.165626	0.785529	0.000306	0.000457	0.000144	0.000001	0.047931	0.000000	0.000000	0.000005	0.000000	0.000000	0.000000	877.359576	4.012095	8.140268
68	1.386570	1.059143e+05	1172.93	2037.75	1.864417e-01	845.92	0.165626	0.785529	0.000306	0.000457	0.000144	0.000001	0.047931	0.000000	0.000000	0.000005	0.000000	0.000000	0.000000	877.359576	4.012095	8.140268
69	1.382512	1.066078e+05	1170.17	2040.15	1.874431e-01	846.41	0.165626	0.785529	0.000306	0.000457	0.000144	0.000001	0.047931	0.000000	0.000000	0.000005	0.000000	0.000000	0.000000	877.359576	4.000000	7.945029
70	1.382337	1.066240e+05	1170.05	2040.25	1.874622e-01	846.43	0.165626	0.785529	0.000306	0.000457	0.000144	0.000001	0.047931	0.000000	0.000000	0.000005	0.000000	0.000000	0.000000	877.359576	4.000000	7.966723
71	1.380594	1.067864e+05	1168.86	2041.28	1.876530e-01	846.63	0.165626	0.785529	0.000306	0.000457	0.000144	0.000001	0.047931	0.000000	0.000000	0.000005	0.000000	0.000000	0.000000	877.359576	4.000000	8.183655
72	1.387876	1.057032e+05	1173.82	2036.97	1.861378e-01	845.77	0.165626	0.785529	0.000306	0.000457	0.000144	0.000001	0.047931	0.000000	0.000000	0.000005	0.000000	0.000000	0.000000	877.359576	4.015837	8.183655
73	1.387934	1.056927e+05	1173.86	2036.94	1.861243e-01	845.76	0.165626	0.785529	0.000306	0.000457	0.000144	0.000001	0.047931	0.000000	0.000000	0.000005	0.000000	0.000000	0.000000	877.359576	4.015837	8.183655
74	1.382163	1.066402e+05	1169.93	2040.35	1.874812e-01	846.45	0.165626	0.785529	0.000306	0.000457	0.000144	0.000001	0.047931	0.000000	0.000000	0.000005	0.000000	0.000000	0.000000	877.359576	4.000000	7.988416
75	1.381989	1.066564e+05	1169.81	2040.45	1.875003e-01	846.47	0.165626	0.785529	0.000306	0.000457	0.000144	0.000001	0.047931	0.000000	0.000000	0.000005	0.000000	0.000000	0.000000	877.359576	4.000000	8.010109
76	1.382030	1.066503e+05	1169.84	2040.43	1.874917e-01	846.46	0.165626	0.785529	0.000306	0.000457	0.000144	0.000001	0.047931	0.000000	0.000000	0.000005	0.000000	0.000000	0.000000	877.359576	4.000087	8.010109
77	1.382099	1.066462e+05	1169.89	2040.39	1.874883e-01	846.46	0.165626	0.785529	0.000306	0.000457	0.000144	0.000001	0.047931	0.000000	0.000000	0.000005	0.000000	0.000000	0.000000	877.359576	4.000000	7.996440
78	1.382034	1.066522e+05	1169.84	2040.43	1.874953e-01	846.46	0.165626	0.785529	0.000306	0.000457	0.000144	0.000001	0.047931	0.000000	0.000000	0.000005	0.000000	0.000000	0.000000	877.359576	4.000000	8.004465
79	1.382041	1.066512e+05	1169.85	2040.42	1.874939e-01	846.46	0.165626	0.785529	0.000306	0.000457	0.000144	0.000001	0.047931	0.000000	0.000000	0.000005	0.000000	0.000000	0.000000	877.359576	4.000014	8.004465
80	1.381990	1.066552e+05	1169.81	2040.45	1.874982e-01	846.47	0.165626	0.785529	0.000306	0.000457	0.000144	0.000001	0.047931	0.000000	0.000000	0.000005	0.000000	0.000000	0.000000	877.359576	4.000043	8.012490
81	1.381997	1.066541e+05	1169.82	2040.45	1.874966e-01	846.47	0.165626	0.785529	0.000306	0.000457	0.000144	0.000001	0.047931	0.000000	0.000000	0.000005	0.000000	0.000000	0.000000	877.359576	4.000059	8.012490
82	1.381968	1.066548e+05	1169.80	2040.47	1.874962e-01	846.47	0.165626	0.785529	0.000306	0.000457	0.000144	0.000001	0.047931	0.000000	0.000000	0.000005	0.000000	0.000000	0.000000	877.359576	4.000134	8.020515
83	1.381961	1.066522e+05	1169.79	2040.47	1.874914e-01	846.47	0.165626	0.785529	0.000306	0.000457	0.000144	0.000001	0.047931	0.000000	0.000000	0.000005	0.000000	0.000000	0.000000	877.359576	4.000255	8.028539
84	1.381970	1.066471e+05	1169.80	2040.46	1.874830e-01	846.47	0.165626	0.785529	0.000306	0.000457	0.000144	0.000001	0.047931	0.000000	0.000000	0.000005	0.000000	0.000000	0.000000	877.359576	4.000412	8.036564
85	1.382040	1.066296e+05	1169.85	2040.42	1.874559e-01	846.46	0.165626	0.785529	0.000306	0.000457	0.000144	0.000001	0.047931	0.000000	0.000000	0.000005	0.000000	0.000000	0.000000	877.359576	4.000828	8.052255
86	1.382348	1.065705e+05	1170.06	2040.24	1.873686e-01	846.43	0.165626	0.785529	0.000306	0.000457	0.000144	0.000001	0.047931	0.000000	0.000000	0.000005	0.000000	0.000000	0.000000	877.359576	4.001972	8.081047
87	1.384226	1.062556e+05	1171.34	2039.13	1.869168e-01	846.20	0.165626	0.785529	0.000306	0.000457	0.000144	0.000001	0.047931	0.000000	0.000000	0.000005	0.000000	0.000000	0.000000	877.359576	4.007241	8.155710
88	1.384216	1.062575e+05	1171.33	2039.14	1.869192e-01	846.20	0.165626	0.785529	0.000306	0.000457	0.000144	0.000001	0.047931	0.000000	0.000000	0.000005	0.000000	0.000000	0.000000	877.359576	4.007243	8.155710
89	1.387639	1.057129e+05	1173.66	2037.12	1.861464e-01	845.80	0.165626	0.785529	0.000306	0.000457	0.000144	0.000001	0.047931	0.000000	0.000000	0.000005	0.000000	0.000000	0.000000	877.359576	4.015837	8.230373
90	1.387611	1.057181e+05	1173.64	2037.13	1.861531e-01	845.80	0.165626	0.785529	0.000306	0.000457	0.000144	0.000001	0.047931	0.000000	0.000000	0.000005	0.000000	0.000000	0.000000	877.359576	4.015837	8.230373
91	1.385396	1.060679e+05	1172.13	2038.44	1.866495e-01	846.06	0.165626	0.785529	0.000306	0.000457	0.000144	0.000001	0.047931	0.000000	0.000000	0.000005	0.000000	0.000000	0.000000	877.359576	4.010275	8.185514
92	1.385393	1.060684e+05	1172.13	2038.44	1.866502e-01	846.06	0.165626	0.785529	0.000306	0.000457	0.000144	0.000001	0.047931	0.000000	0.000000	0.000005	0.000000	0.000000	0.000000	877.359576	4.010275	8.185514
93	1.386815	1.058430e+05	1173.10	2037.60	1.863304e-01	845.90	0.165626	0.785529	0.000306	0.000457	0.000144	0.000001	0.047931	0.000000	0.000000	0.000005	0.000000	0.000000	0.000000	877.359576	4.013837	8.215318
94	1.388473	1.055829e+05	1174.23	2036.62	1.859619e-01	845.70	0.165626	0.785529	0.000306	0.000457	0.000144	0.000001	0.047931	0.000000	0.000000	0.000005	0.000000	0.000000	0.000000	877.359576	4.017928	8.245122
95	1.391634	1.050920e+05	1176.38	2034.76	1.852673e-01	845.32	0.165626	0.785529	0.000306	0.000457	0.000144	0.000001	0.047931	0.000000	0.000000	0.000005	0.000000	0.000000	0.000000	877.359576	4.025608	8.292997
96	1.391315	1.051395e+05	1176.16	2034.94	1.853337e-01	845.36	0.165626	0.785529	0.000306	0.000457	0.000144	0.000001	0.047931	0.000000	0.000000	0.000005	0.000000	0.000000	0.000000	877.359576	4.024931	8.292997
97	1.389406	1.054375e+05	1174.86	2036.07	1.857560e-01	845.59	0.165626	0.785529	0.000306	0.000457	0.000144	0.000001	0.047931	0.000000	0.000000	0.000005	0.000000	0.000000	0.000000	877.359576	4.020214	8.260297
98	1.389381	1.054412e+05	1174.85	2036.09	1.857611e-01	845.59	0.165626	0.785529	0.000306	0.000457	0.000144	0.000001	0.047931	0.000000	0.000000	0.000005	0.000000	0.000000	0.000000	877.359576	4.020163	8.260297
99	1.388652	1.055550e+05	1174.35	2036.52	1.859223e-01	845.68	0.165626	0.785529	0.000306	0.000457	0.000144	0.000001	0.047931	0.000000	0.000000	0.000005	0.000000	0.000000	0.000000	877.359576	4.018374	8.248157
100	1.388836	1.055262e+05	1174.48	2036.41	1.858815e-01	845.66	0.165626	0.785529	0.000306	0.000457	0.000144	0.000001	0.047931	0.000000	0.000000	0.000005	0.000000	0.000000	0.000000	877.359576	4.018826	8.251192
101	1.389134	1.054798e+05	1174.68	2036.23	1.858158e-01	845.62	0.165626	0.785529	0.000306	0.000457	0.000144	0.000001	0.047931	0.000000	0.000000	0.000005	0.000000	0.000000	0.000000	877.359576	4.019554	8.256064
102	1.389428	1.054340e+05	1174.88	2036.06	1.857509e-01	845.59	0.165626	0.785529	0.000306	0.000457	0.000144	0.000001	0.047931	0.000000	0.000000	0.000005	0.000000	0.000000	0.000000	877.359576	4.020275	8.260937
103	1.389724	1.053877e+05	1175.08	2035.88	1.856855e-01	845.55	0.165626	0.785529	0.000306	0.000457	0.000144	0.000001	0.047931	0.000000	0.000000	0.000005	0.000000	0.000000	0.000000	877.359576	4.021002	8.265809
104	1.390021	1.053415e+05	1175.28	2035.71	1.856200e-01	845.51	0.165626	0.785529	0.000306	0.000457	0.000144	0.000001	0.047931	0.000000	0.000000	0.000005	0.000000	0.000000	0.000000	877.359576	4.021729	8.270681
105	1.392951	1.048853e+05	1177.27	2033.98	1.849736e-01	845.17	0.165626	0.785529	0.000306	0.000457	0.000144	0.000001	0.047931	0.000000	0.000000	0.000005	0.000000	0.000000	0.000000	877.359576	4.028958	8.319405
106	1.392963	1.048836e+05	1177.28	2033.97	1.849711e-01	845.16	0.165626	0.785529	0.000306	0.000457	0.000144	0.000001	0.047931	0.000000	0.000000	0.000005	0.000000	0.000000	0.000000	877.359576	4.028983	8.319405
107	1.391610	1.050939e+05	1176.36	2034.77	1.852693e-01	845.33	0.165626	0.785529	0.000306	0.000457	0.000144	0.000001	0.047931	0.000000	0.000000	0.000005	0.000000	0.000000	0.000000	877.359576	4.025642	8.297004
108	1.391614	1.050934e+05	1176.37	2034.77	1.852686e-01	845.33	0.165626	0.785529	0.000306	0.000457	0.000144	0.000001	0.047931	0.000000	0.000000	0.000005	0.000000	0.000000	0.000000	877.359576	4.025649	8.297004
109	1.393195	1.048475e+05	1177.44	2033.83	1.849199e-01	845.14	0.165626	0.785529	0.000306	0.000457	0.000144	0.000001	0.047931	0.000000	0.000000	0.000005	0.000000	0.000000	0.000000	877.359576	4.029559	8.323327
110	1.394768	1.046031e+05	1178.51	2032.90	1.845733e-01	844.95	0.165626	0.785529	0.000306	0.000457	0.000144	0.000001	0.047931	0.000000	0.000000	0.000005	0.000000	0.000000	0.000000	877.359576	4.033468	8.349650
111	1.397260	1.042164e+05	1180.20	2031.43	1.840246e-01	844.65	0.165626	0.785529	0.000306	0.000457	0.000144	0.000001	0.047931	0.000000	0.000000	0.000005	0.000000	0.000000	0.000000	877.359576	4.039698	8.391699
112	1.399730	1.038342e+05	1181.87	2029.97	1.834817e-01	844.36	0.165626	0.785529	0.000306	0.000457	0.000144	0.000001	0.047931	0.000000	0.000000	0.000005	0.000000	0.000000	0.000000	877.359576	4.045915	8.433748
113	1.404000	1.031749e+05	1184.76	2027.44	1.825442e-01	843.85	0.165626	0.785529	0.000306	0.000457	0.000144	0.000001	0.047931	0.000000	0.000000	0.000005	0.000000	0.000000	0.000000	877.359576	4.056776	8.507428
114	1.408204	1.025282e+05	1187.60	2024.94	1.816233e-01	843.34	0.165626	0.785529	0.000306	0.000457	0.000144	0.000001	0.047931	0.000000	0.000000	0.000005	0.000000	0.000000	0.000000	877.359576	4.067597	8.581107
115	1.412341	1.018939e+05	1190.39	2022.49	1.807187e-01	842.85	0.165626	0.785529	0.000306	0.000457	0.000144	0.000001	0.047931	0.000000	0.000000	0.000005	0.000000	0.000000	0.000000	877.359576	4.078376	8.654787
116	1.419627	1.007820e+05	1195.29	2018.16	1.791298e-01	841.98	0.165626	0.785529	0.000306	0.000457	0.000144	0.000001	0.047931	0.000000	0.000000	0.000005	0.000000	0.000000	0.000000	877.359576	4.097681	8.787443
117	1.431008	9.905857e+04	1202.91	2011.40	1.766591e-01	840.61	0.165626	0.785529	0.000306	0.000457	0.000144	0.000001	0.047931	0.000000	0.000000	0.000005	0.000000	0.000000	0.000000	877.359576	4.128655	9.002196
118	1.431003	9.905933e+04	1202.91	2011.40	1.766600e-01	840.61	0.165626	0.785529	0.000306	0.000457	0.000144	0.000001	0.047931	0.000000	0.000000	0.000005	0.000000	0.000000	0.000000	877.359576	4.128654	9.002196
119	1.441904	9.742344e+04	1210.18	2004.90	1.743056e-01	839.29	0.165626	0.785529	0.000306	0.000457	0.000144	0.000001	0.047931	0.000000	0.000000	0.000005	0.000000	0.000000	0.000000	877.359576	4.159282	9.216950
120	1.441898	9.742468e+04	1210.17	2004.91	1.743072e-01	839.29	0.165626	0.785529	0.000306	0.000457	0.000144	0.000001	0.047931	0.000000	0.000000	0.000005	0.000000	0.000000	0.000000	877.359576	4.159282	9.216950
121	1.452351	9.586973e+04	1217.11	1998.67	1.720606e-01	838.03	0.165626	0.785529	0.000306	0.000457	0.000144	0.000001	0.047931	0.000000	0.000000	0.000005	0.000000	0.000000	0.000000	877.359576	4.189563	9.431704
122	1.462379	9.439078e+04	1223.73	1992.68	1.699156e-01	836.81	0.165626	0.785529	0.000306	0.000457	0.000144	0.000001	0.047931	0.000000	0.000000	0.000005	0.000000	0.000000	0.000000	877.359576	4.219498	9.646457
123	1.472017	9.298094e+04	1230.07	1986.91	1.678633e-01	835.63	0.165626	0.785529	0.000306	0.000457	0.000144	0.000001	0.047931	0.000000	0.000000	0.000005	0.000000	0.000000	0.000000	877.359576	4.249088	9.861211
124	1.481287	9.163525e+04	1236.14	1981.36	1.658974e-01	834.50	0.165626	0.785529	0.000306	0.000457	0.000144	0.000001	0.047931	0.000000	0.000000	0.000005	0.000000	0.000000	0.000000	877.359576	4.278331	10.075964
125	1.490211	9.034936e+04	1241.96	1976.01	1.640123e-01	833.41	0.165626	0.785529	0.000306	0.000457	0.000144	0.000001	0.047931	0.000000	0.000000	0.000005	0.000000	0.000000	0.000000	877.359576	4.307229	10.290718
126	1.498808	8.911939e+04	1247.54	1970.85	1.622030e-01	832.36	0.165626	0.785529	0.000306	0.000457	0.000144	0.000001	0.047931	0.000000	0.000000	0.000005	0.000000	0.000000	0.000000	877.359576	4.335781	10.505471
127	1.507095	8.794180e+04	1252.91	1965.87	1.604650e-01	831.34	0.165626	0.785529	0.000306	0.000457	0.000144	0.000001	0.047931	0.000000	0.000000	0.000005	0.000000	0.000000	0.000000	877.359576	4.363987	10.720225
128	1.515086	8.681340e+04	1258.06	1961.07	1.587941e-01	830.35	0.165626	0.785529	0.000306	0.000457	0.000144	0.000001	0.047931	0.000000	0.000000	0.000005	0.000000	0.000000	0.000000	877.359576	4.391847	10.934979
129	1.526634	8.519503e+04	1265.47	1954.12	1.563882e-01	828.93	0.165626	0.785529	0.000306	0.000457	0.000144	0.000001	0.047931	0.000000	0.000000	0.000005	0.000000	0.000000	0.000000	877.359576	4.433283	11.259438
130	1.526630	8.519579e+04	1265.47	1954.12	1.563891e-01	828.93	0.165626	0.785529	0.000306	0.000457	0.000144	0.000001	0.047931	0.000000	0.000000	0.000005	0.000000	0.000000	0.000000	877.359576	4.433283	11.259438
131	1.537582	8.367399e+04	1272.46	1947.52	1.541161e-01	827.57	0.165626	0.785529	0.000306	0.000457	0.000144	0.000001	0.047931	0.000000	0.000000	0.000005	0.000000	0.000000	0.000000	877.359576	4.473930	11.583897
132	1.547968	8.224204e+04	1279.06	1941.26	1.519672e-01	826.28	0.165626	0.785529	0.000306	0.000457	0.000144	0.000001	0.047931	0.000000	0.000000	0.000005	0.000000	0.000000	0.000000	877.359576	4.513787	11.908356
133	1.557829	8.089216e+04	1285.30	1935.31	1.499323e-01	825.06	0.165626	0.785529	0.000306	0.000457	0.000144	0.000001	0.047931	0.000000	0.000000	0.000005	0.000000	0.000000	0.000000	877.359576	4.552854	12.232815
134	1.567196	7.961798e+04	1291.20	1929.65	1.480031e-01	823.89	0.165626	0.785529	0.000306	0.000457	0.000144	0.000001	0.047931	0.000000	0.000000	0.000005	0.000000	0.000000	0.000000	877.359576	4.591132	12.557274
135	1.576095	7.841416e+04	1296.78	1924.28	1.461725e-01	822.78	0.165626	0.785529	0.000306	0.000457	0.000144	0.000001	0.047931	0.000000	0.000000	0.000005	0.000000	0.000000	0.000000	877.359576	4.628621	12.881733
136	1.584549	7.727602e+04	1302.06	1919.17	1.444345e-01	821.72	0.165626	0.785529	0.000306	0.000457	0.000144	0.000001	0.047931	0.000000	0.000000	0.000005	0.000000	0.000000	0.000000	877.359576	4.665320	13.206192
137	1.592581	7.619924e+04	1307.06	1914.31	1.427832e-01	820.72	0.165626	0.785529	0.000306	0.000457	0.000144	0.000001	0.047931	0.000000	0.000000	0.000005	0.000000	0.000000	0.000000	877.359576	4.701229	13.530651
138	1.604543	7.460215e+04	1314.47	1907.08	1.403210e-01	819.22	0.165626	0.785529	0.000306	0.000457	0.000144	0.000001	0.047931	0.000000	0.000000	0.000005	0.000000	0.000000	0.000000	877.359576	4.756767	14.047184
139	1.604543	7.460215e+04	1314.47	1907.08	1.403210e-01	819.22	0.165626	0.785529	0.000306	0.000457	0.000144	0.000001	0.047931	0.000000	0.000000	0.000005	0.000000	0.000000	0.000000	877.359576	4.756767	14.047184
140	1.604543	7.460215e+04	1314.47	1907.08	1.403210e-01	819.22	0.165626	0.785529	0.000306	0.000457	0.000144	0.000001	0.047931	0.000000	0.000000	0.000005	0.000000	0.000000	0.000000	877.359576	4.756767	14.047184
141	1.604543	7.460215e+04	1314.47	1907.08	1.403210e-01	819.22	0.165626	0.785529	0.000306	0.000457	0.000144	0.000001	0.047931	0.000000	0.000000	0.000005	0.000000	0.000000	0.000000	877.359576	4.756767	14.047184
142	1.604543	7.460215e+04	1314.47	1907.08	1.403210e-01	819.22	0.165626	0.785529	0.000306	0.000457	0.000144	0.000001	0.047931	0.000000	0.000000	0.000005	0.000000	0.000000	0.000000	877.359576	4.756767	14.047184
143	1.604543	7.460215e+04	1314.47	1907.08	1.403210e-01	819.22	0.165626	0.785529	0.000306	0.000457	0.000144	0.000001	0.047931	0.000000	0.000000	0.000005	0.000000	0.000000	0.000000	877.359576	4.756767	14.047184
144	1.604543	7.460215e+04	1314.47	1907.08	1.403210e-01	819.22	0.165626	0.785529	0.000306	0.000457	0.000144	0.000001	0.047931	0.000000	0.000000	0.000005	0.000000	0.000000	0.000000	877.359576	4.756767	14.047184
145	1.604543	7.460215e+04	1314.47	1907.08	1.403210e-01	819.22	0.165626	0.785529	0.000306	0.000457	0.000144	0.000001	0.047931	0.000000	0.000000	0.000005	0.000000	0.000000	0.000000	877.359576	4.756767	14.047184
146	1.604543	7.460215e+04	1314.47	1907.08	1.403210e-01	819.22	0.165626	0.785529	0.000306	0.000457	0.000144	0.000001	0.047931	0.000000	0.000000	0.000005	0.000000	0.000000	0.000000	877.359576	4.756767	14.047184
147	1.604543	7.460215e+04	1314.47	1907.08	1.403210e-01	819.22	0.165626	0.785529	0.000306	0.000457	0.000144	0.000001	0.047931	0.000000	0.000000	0.000005	0.000000	0.000000	0.000000	877.359576	4.756767	14.047184
148	1.604543	7.460215e+04	1314.47	1907.08	1.403210e-01	819.22	0.165626	0.785529	0.000306	0.000457	0.000144	0.000001	0.047931	0.000000	0.000000	0.000005	0.000000	0.000000	0.000000	877.359576	4.756767	14.047184
149	1.604543	7.460215e+04	1314.47	1907.08	1.403210e-01	819.22	0.165626	0.785529	0.000306	0.000457	0.000144	0.000001	0.047931	0.000000	0.000000	0.000005	0.000000	0.000000	0.000000	877.359576	4.756767	14.047184
150	1.604543	7.460215e+04	1314.47	1907.08	1.403210e-01	819.22	0.165626	0.785529	0.000306	0.000457	0.000144	0.000001	0.047931	0.000000	0.000000	0.000005	0.000000	0.000000	0.000000	877.359576	4.756767	14.047184
151	1.604543	7.460215e+04	1314.47	1907.08	1.403210e-01	819.22	0.165626	0.785529	0.000306	0.000457	0.000144	0.000001	0.047931	0.000000	0.000000	0.000005	0.000000	0.000000	0.000000	877.359576	4.756767	14.047184
152	1.604543	7.460215e+04	1314.47	1907.08	1.403210e-01	819.22	0.165626	0.785529	0.000306	0.000457	0.000144	0.000001	0.047931	0.000000	0.000000	0.000005	0.000000	0.000000	0.000000	877.359576	4.756767	14.047184
153	1.604543	7.460215e+04	1314.47	1907.08	1.403210e-01	819.22	0.165626	0.785529	0.000306	0.000457	0.000144	0.000001	0.047931	0.000000	0.000000	0.000005	0.000000	0.000000	0.000000	877.359576	4.756767	14.047184
154	1.604543	7.460215e+04	1314.47	1907.08	1.403210e-01	819.22	0.165626	0.785529	0.000306	0.000457	0.000144	0.000001	0.047931	0.000000	0.000000	0.000005	0.000000	0.000000	0.000000	877.359576	4.756767	14.047184
155	1.604543	7.460215e+04	1314.47	1907.08	1.403210e-01	819.22	0.165626	0.785529	0.000306	0.000457	0.000144	0.000001	0.047931	0.000000	0.000000	0.000005	0.000000	0.000000	0.000000	877.359576	4.756767	14.047184
156	1.604543	7.460215e+04	1314.47	1907.08	1.403210e-01	819.22	0.165626	0.785529	0.000306	0.000457	0.000144	0.000001	0.047931	0.000000	0.000000	0.000005	0.000000	0.000000	0.000000	877.359576	4.756767	14.047184
157	1.604543	7.460215e+04	1314.47	1907.08	1.403210e-01	819.22	0.165626	0.785529	0.000306	0.000457	0.000144	0.000001	0.047931	0.000000	0.000000	0.000005	0.000000	0.000000	0.000000	877.359576	4.756767	14.047184
158	1.604543	7.460215e+04	1314.47	1907.08	1.403210e-01	819.22	0.165626	0.785529	0.000306	0.000457	0.000144	0.000001	0.047931	0.000000	0.000000	0.000005	0.000000	0.000000	0.000000	877.359589	4.756767	14.047184
159	1.615555	7.313678e+04	1321.25	1900.41	1.380471e-01	817.83	0.165626	0.785529	0.000306	0.000457	0.000144	0.000001	0.047931	0.000000	0.000000	0.000005	0.000000	0.000000	0.000000	877.359576	4.810304	14.563718
160	1.615558	7.313626e+04	1321.25	1900.41	1.380464e-01	817.83	0.165626	0.785529	0.000306	0.000457	0.000144	0.000001	0.047931	0.000000	0.000000	0.000005	0.000000	0.000000	0.000000	877.359576	4.810304	14.563718
161	1.625679	7.179093e+04	1327.45	1894.28	1.359453e-01	816.55	0.165626	0.785529	0.000306	0.000457	0.000144	0.000001	0.047931	0.000000	0.000000	0.000005	0.000000	0.000000	0.000000	877.359576	4.861840	15.080251
162	1.641157	6.972899e+04	1336.88	1884.91	1.326969e-01	814.60	0.165626	0.785529	0.000306	0.000457	0.000144	0.000001	0.047931	0.000000	0.000000	0.000005	0.000000	0.000000	0.000000	877.359576	4.945766	15.968306
163	1.641169	6.972688e+04	1336.89	1884.90	1.326942e-01	814.60	0.165626	0.785529	0.000306	0.000457	0.000144	0.000001	0.047931	0.000000	0.000000	0.000005	0.000000	0.000000	0.000000	877.359576	4.945766	15.968306
164	1.654396	6.794790e+04	1344.89	1876.89	1.298595e-01	812.92	0.165626	0.785529	0.000306	0.000457	0.000144	0.000001	0.047931	0.000000	0.000000	0.000005	0.000000	0.000000	0.000000	877.359576	5.023777	16.856361
165	1.654419	6.794384e+04	1344.91	1876.88	1.298543e-01	812.92	0.165626	0.785529	0.000306	0.000457	0.000144	0.000001	0.047931	0.000000	0.000000	0.000005	0.000000	0.000000	0.000000	877.359576	5.023777	16.856361
166	1.651177	6.838314e+04	1342.95	1878.84	1.305564e-01	813.33	0.165626	0.785529	0.000306	0.000457	0.000144	0.000001	0.047931	0.000000	0.000000	0.000005	0.000000	0.000000	0.000000	877.359576	5.004123	16.626164
167	1.651186	6.838144e+04	1342.96	1878.83	1.305542e-01	813.33	0.165626	0.785529	0.000306	0.000457	0.000144	0.000001	0.047931	0.000000	0.000000	0.000005	0.000000	0.000000	0.000000	877.359576	5.004123	16.626164
168	1.660051	6.717625e+04	1348.30	1873.46	1.286207e-01	812.20	0.165626	0.785529	0.000306	0.000457	0.000144	0.000001	0.047931	0.000000	0.000000	0.000005	0.000000	0.000000	0.000000	877.359576	5.059235	17.284022
169	1.667842	6.609710e+04	1352.98	1868.74	1.268746e-01	811.21	0.165626	0.785529	0.000306	0.000457	0.000144	0.000001	0.047931	0.000000	0.000000	0.000005	0.000000	0.000000	0.000000	877.359576	5.111101	17.941879
170	1.674604	6.513598e+04	1357.02	1864.64	1.253044e-01	810.35	0.165626	0.785529	0.000306	0.000457	0.000144	0.000001	0.047931	0.000000	0.000000	0.000005	0.000000	0.000000	0.000000	877.359576	5.159720	18.599737
171	1.680390	6.428360e+04	1360.47	1861.14	1.238974e-01	809.62	0.165626	0.785529	0.000306	0.000457	0.000144	0.000001	0.047931	0.000000	0.000000	0.000005	0.000000	0.000000	0.000000	877.359576	5.205095	19.257595
172	1.689080	6.289805e+04	1365.64	1855.87	1.215704e-01	808.51	0.165626	0.785529	0.000306	0.000457	0.000144	0.000001	0.047931	0.000000	0.000000	0.000005	0.000000	0.000000	0.000000	877.359576	5.284707	20.548671
173	1.689087	6.289676e+04	1365.64	1855.87	1.215688e-01	808.51	0.165626	0.785529	0.000306	0.000457	0.000144	0.000001	0.047931	0.000000	0.000000	0.000005	0.000000	0.000000	0.000000	877.359576	5.284707	20.548671
174	1.694454	6.185696e+04	1368.82	1852.61	1.197678e-01	807.82	0.165626	0.785529	0.000306	0.000457	0.000144	0.000001	0.047931	0.000000	0.000000	0.000005	0.000000	0.000000	0.000000	877.359576	5.351819	21.839746
175	1.694470	6.185408e+04	1368.83	1852.61	1.197642e-01	807.82	0.165626	0.785529	0.000306	0.000457	0.000144	0.000001	0.047931	0.000000	0.000000	0.000005	0.000000	0.000000	0.000000	877.359576	5.351819	21.839746
176	1.696725	6.112648e+04	1370.16	1851.24	1.184415e-01	807.53	0.165626	0.785529	0.000306	0.000457	0.000144	0.000001	0.047931	0.000000	0.000000	0.000005	0.000000	0.000000	0.000000	877.359576	5.406429	23.130822
177	1.696037	6.068455e+04	1369.76	1851.66	1.175594e-01	807.62	0.165626	0.785529	0.000306	0.000457	0.000144	0.000001	0.047931	0.000000	0.000000	0.000005	0.000000	0.000000	0.000000	877.359576	5.448537	24.421897
178	1.692483	6.051816e+04	1367.66	1853.81	1.171019e-01	808.08	0.165626	0.785529	0.000306	0.000457	0.000144	0.000001	0.047931	0.000000	0.000000	0.000005	0.000000	0.000000	0.000000	877.359576	5.478143	25.712973
179	1.686103	6.062313e+04	1363.87	1857.68	1.170611e-01	808.89	0.165626	0.785529	0.000306	0.000457	0.000144	0.000001	0.047931	0.000000	0.000000	0.000005	0.000000	0.000000	0.000000	877.359576	5.495248	27.004048
