Iteration	Mach	Pressure [Pa]	Velocity [m/s]	Temperature [K]	Density [kg/m^3]	Speed of Sound [m/s]	Y_O2	Y_N2	Y_H2	Y_OH	Y_O	Y_H	Y_H2O	Y_NO	Y_N	Y_HO2	Y_H2O2	Y_HNO	Y_NO2	Mass flow rate [kg/s]	Area [m^2]	Axial location
0	0.577350	2.868173e+04	377.98	1133.95	8.739297e-02	654.68	0.209108	0.786645	0.004247	0.000000	0.000000	0.000000	0.000000	0.000000	0.000000	0.000000	0.000000	0.000000	0.000000	132.131092	4.000000	0.000000
1	0.577350	2.868173e+04	377.98	1133.95	8.739297e-02	654.68	0.209108	0.786645	0.004247	0.000000	0.000000	0.000000	0.000000	0.000000	0.000000	0.000000	0.000000	0.000000	0.000000	132.131092	4.000000	0.000000
2	0.577350	2.868173e+04	377.98	1133.95	8.739297e-02	654.68	0.209108	0.786645	0.004247	0.000000	0.000000	0.000000	0.000000	0.000000	0.000000	0.000000	0.000000	0.000000	0.000000	132.131092	4.000000	0.000000
3	0.577350	2.868173e+04	377.98	1133.95	8.739297e-02	654.68	0.209108	0.786645	0.004247	0.000000	0.000000	0.000000	0.000000	0.000000	0.000000	0.000000	0.000000	0.000000	0.000000	132.131092	4.000000	0.000000
4	0.577350	2.868173e+04	377.98	1133.95	8.739297e-02	654.68	0.209108	0.786645	0.004247	0.000000	0.000000	0.000000	0.000000	0.000000	0.000000	0.000000	0.000000	0.000000	0.000000	132.131092	4.000000	0.000000
5	0.577350	2.868173e+04	377.98	1133.95	8.739297e-02	654.68	0.209108	0.786645	0.004247	0.000000	0.000000	0.000000	0.000000	0.000000	0.000000	0.000000	0.000000	0.000000	0.000000	132.131092	4.000000	0.000000
6	0.577350	2.868173e+04	377.98	1133.95	8.739297e-02	654.68	0.209108	0.786645	0.004247	0.000000	0.000000	0.000000	0.000000	0.000000	0.000000	0.000000	0.000000	0.000000	0.000000	132.131092	4.000000	0.000000
7	0.577350	2.868173e+04	377.98	1133.95	8.739297e-02	654.68	0.209108	0.786645	0.004247	0.000000	0.000000	0.000000	0.000000	0.000000	0.000000	0.000000	0.000000	0.000000	0.000000	132.131092	4.000000	0.000000
8	0.577350	2.868173e+04	377.98	1133.95	8.739297e-02	654.68	0.209108	0.786645	0.004247	0.000000	0.000000	0.000000	0.000000	0.000000	0.000000	0.000000	0.000000	0.000000	0.000000	132.131092	4.000000	0.000000
9	0.577350	2.868173e+04	377.98	1133.95	8.739297e-02	654.68	0.209108	0.786645	0.004247	0.000000	0.000000	0.000000	0.000000	0.000000	0.000000	0.000000	0.000000	0.000000	0.000000	132.131092	4.000000	0.000000
10	0.577350	2.868173e+04	377.98	1133.95	8.739297e-02	654.68	0.209108	0.786645	0.004247	0.000000	0.000000	0.000000	0.000000	0.000000	0.000000	0.000000	0.000000	0.000000	0.000000	132.131092	4.000000	0.000000
11	0.577350	2.868173e+04	377.98	1133.95	8.739297e-02	654.68	0.209108	0.786645	0.004247	0.000000	0.000000	0.000000	0.000000	0.000000	0.000000	0.000000	0.000000	0.000000	0.000000	132.131092	4.000000	0.000000
12	0.577350	2.868173e+04	377.98	1133.95	8.739297e-02	654.68	0.209108	0.786645	0.004247	0.000000	0.000000	0.000000	0.000000	0.000000	0.000000	0.000000	0.000000	0.000000	0.000000	132.131092	4.000000	0.000000
13	0.577350	2.868173e+04	377.98	1133.95	8.739297e-02	654.68	0.209108	0.786645	0.004247	0.000000	0.000000	0.000000	0.000000	0.000000	0.000000	0.000000	0.000000	0.000000	0.000000	132.131092	4.000000	0.000000
14	0.577350	2.868173e+04	377.98	1133.95	8.739297e-02	654.68	0.209108	0.786645	0.004247	0.000000	0.000000	0.000000	0.000000	0.000000	0.000000	0.000000	0.000000	0.000000	0.000000	132.131092	4.000000	0.000000
15	0.577350	2.868173e+04	377.98	1133.95	8.739297e-02	654.68	0.209108	0.786645	0.004247	0.000000	0.000000	0.000000	0.000000	0.000000	0.000000	0.000000	0.000000	0.000000	0.000000	132.131092	4.000000	0.000000
16	0.577350	2.868173e+04	377.98	1133.95	8.739297e-02	654.68	0.209108	0.786645	0.004247	0.000000	0.000000	0.000000	0.000000	0.000000	0.000000	0.000000	0.000000	0.000000	0.000000	132.131092	4.000000	0.000000
17	0.577350	2.868173e+04	377.98	1133.95	8.739297e-02	654.68	0.209108	0.786645	0.004247	0.000000	0.000000	0.000000	0.000000	0.000000	0.000000	0.000000	0.000000	0.000000	0.000000	132.131092	4.000000	0.000000
18	0.577350	2.868173e+04	377.98	1133.95	8.739297e-02	654.68	0.209108	0.786645	0.004247	0.000000	0.000000	0.000000	0.000000	0.000000	0.000000	0.000000	0.000000	0.000000	0.000000	132.131092	4.000000	0.000000
19	0.577350	2.868173e+04	377.98	1133.95	8.739297e-02	654.68	0.209108	0.786645	0.004247	0.000000	0.000000	0.000000	0.000000	0.000000	0.000000	0.000000	0.000000	0.000000	0.000000	132.131092	4.000000	0.000000
20	0.577350	2.868173e+04	377.98	1133.95	8.739297e-02	654.68	0.209108	0.786645	0.004247	0.000000	0.000000	0.000000	0.000000	0.000000	0.000000	0.000000	0.000000	0.000000	0.000000	132.131092	4.000000	0.000000
21	0.577350	2.868173e+04	377.98	1133.95	8.739297e-02	654.68	0.209108	0.786645	0.004247	0.000000	0.000000	0.000000	0.000000	0.000000	0.000000	0.000000	0.000000	0.000000	0.000000	132.131092	4.000000	0.000000
22	0.577350	2.868173e+04	377.98	1133.95	8.739297e-02	654.68	0.209108	0.786645	0.004247	0.000000	0.000000	0.000000	0.000000	0.000000	0.000000	0.000000	0.000000	0.000000	0.000000	132.131092	4.000000	0.000000
23	0.577350	2.868173e+04	377.98	1133.95	8.739297e-02	654.68	0.209108	0.786645	0.004247	0.000000	0.000000	0.000000	0.000000	0.000000	0.000000	0.000000	0.000000	0.000000	0.000000	132.131092	4.000000	0.000000
24	0.577350	2.868173e+04	377.98	1133.95	8.739297e-02	654.68	0.209108	0.786645	0.004247	0.000000	0.000000	0.000000	0.000000	0.000000	0.000000	0.000000	0.000000	0.000000	0.000000	132.131092	4.000000	0.000000
25	0.577350	2.868173e+04	377.98	1133.95	8.739297e-02	654.68	0.209108	0.786645	0.004247	0.000000	0.000000	0.000000	0.000000	0.000000	0.000000	0.000000	0.000000	0.000000	0.000000	132.131094	4.000000	0.000000
26	0.577350	2.868173e+04	377.98	1133.95	8.739297e-02	654.68	0.209108	0.786645	0.004247	0.000000	0.000000	0.000000	0.000000	0.000000	0.000000	0.000000	0.000000	0.000000	0.000000	132.131092	4.000000	0.000000
27	0.577350	2.868173e+04	377.98	1133.95	8.739297e-02	654.68	0.209108	0.786645	0.004247	0.000000	0.000000	0.000000	0.000000	0.000000	0.000000	0.000000	0.000000	0.000000	0.000000	132.131092	4.000000	0.000000
28	0.577350	2.868173e+04	377.98	1133.95	8.739297e-02	654.68	0.209108	0.786645	0.004247	0.000000	0.000000	0.000000	0.000000	0.000000	0.000000	0.000000	0.000000	0.000000	0.000000	132.131092	4.000000	0.000000
29	0.577350	2.868173e+04	377.98	1133.95	8.739296e-02	654.68	0.209108	0.786645	0.004247	0.000000	0.000000	0.000000	0.000000	0.000000	0.000000	0.000000	0.000000	0.000000	0.000000	132.131092	4.000000	0.000000
30	0.577350	2.868173e+04	377.98	1133.95	8.739296e-02	654.68	0.209108	0.786645	0.004247	0.000000	0.000000	0.000000	0.000000	0.000000	0.000000	0.000000	0.000000	0.000000	0.000000	132.131092	4.000000	0.000000
31	0.577350	2.868173e+04	377.98	1133.95	8.739296e-02	654.68	0.209108	0.786645	0.004247	0.000000	0.000000	0.000000	0.000000	0.000000	0.000000	0.000000	0.000000	0.000000	0.000000	132.131092	4.000000	0.000000
32	0.577350	2.868173e+04	377.98	1133.95	8.739295e-02	654.68	0.209108	0.786645	0.004247	0.000000	0.000000	0.000000	0.000000	0.000000	0.000000	0.000000	0.000000	0.000000	0.000000	132.131092	4.000000	0.000000
33	0.577350	2.868173e+04	377.98	1133.95	8.739294e-02	654.68	0.209108	0.786645	0.004247	0.000000	0.000000	0.000000	0.000000	0.000000	0.000000	0.000000	0.000000	0.000000	0.000000	132.131092	4.000000	0.000000
34	0.577351	2.868172e+04	377.98	1133.95	8.739291e-02	654.68	0.209108	0.786645	0.004247	0.000000	0.000000	0.000000	0.000000	0.000000	0.000000	0.000000	0.000000	0.000000	0.000000	132.131092	4.000000	0.000000
35	0.577351	2.868172e+04	377.98	1133.95	8.739289e-02	654.68	0.209108	0.786645	0.004247	0.000000	0.000000	0.000000	0.000000	0.000000	0.000000	0.000000	0.000000	0.000000	0.000000	132.131092	4.000000	0.000000
36	0.577351	2.868172e+04	377.98	1133.95	8.739285e-02	654.68	0.209108	0.786645	0.004247	0.000000	0.000000	0.000000	0.000000	0.000000	0.000000	0.000000	0.000000	0.000000	0.000000	132.131092	4.000000	0.000000
37	0.577351	2.868172e+04	377.98	1133.95	8.739285e-02	654.68	0.209108	0.786645	0.004247	0.000000	0.000000	0.000000	0.000000	0.000000	0.000000	0.000000	0.000000	0.000000	0.000000	132.131092	4.000000	0.000000
38	0.577351	2.868171e+04	377.98	1133.95	8.739277e-02	654.68	0.209108	0.786645	0.004247	0.000000	0.000000	0.000000	0.000000	0.000000	0.000000	0.000000	0.000000	0.000000	0.000000	132.131092	4.000000	0.000000
39	0.577352	2.868169e+04	377.98	1133.95	8.739270e-02	654.68	0.209107	0.786645	0.004247	0.000000	0.000000	0.000000	0.000000	0.000000	0.000000	0.000001	0.000000	0.000000	0.000000	132.131092	4.000000	0.000000
40	0.577352	2.868168e+04	377.98	1133.95	8.739262e-02	654.68	0.209107	0.786645	0.004247	0.000000	0.000000	0.000000	0.000000	0.000000	0.000000	0.000001	0.000000	0.000000	0.000000	132.131092	4.000000	0.000000
41	0.577352	2.868167e+04	377.98	1133.95	8.739254e-02	654.68	0.209107	0.786645	0.004247	0.000000	0.000000	0.000000	0.000000	0.000000	0.000000	0.000001	0.000000	0.000000	0.000000	132.131092	4.000000	0.000000
42	0.577353	2.868166e+04	377.98	1133.96	8.739245e-02	654.68	0.209107	0.786645	0.004247	0.000000	0.000000	0.000000	0.000000	0.000000	0.000000	0.000001	0.000000	0.000000	0.000000	132.131092	4.000000	0.000000
43	0.577353	2.868166e+04	377.98	1133.96	8.739245e-02	654.68	0.209107	0.786645	0.004247	0.000000	0.000000	0.000000	0.000000	0.000000	0.000000	0.000001	0.000000	0.000000	0.000000	132.131092	4.000000	0.000000
44	0.577353	2.868166e+04	377.98	1133.96	8.739245e-02	654.68	0.209107	0.786645	0.004247	0.000000	0.000000	0.000000	0.000000	0.000000	0.000000	0.000001	0.000000	0.000000	0.000000	132.131092	4.000000	0.000000
45	0.577353	2.868166e+04	377.98	1133.96	8.739245e-02	654.68	0.209107	0.786645	0.004247	0.000000	0.000000	0.000000	0.000000	0.000000	0.000000	0.000001	0.000000	0.000000	0.000000	132.131092	4.000000	0.000000
46	0.577353	2.868166e+04	377.98	1133.96	8.739245e-02	654.68	0.209107	0.786645	0.004247	0.000000	0.000000	0.000000	0.000000	0.000000	0.000000	0.000001	0.000000	0.000000	0.000000	132.131092	4.000000	0.000000
47	0.577353	2.868166e+04	377.98	1133.96	8.739245e-02	654.68	0.209107	0.786645	0.004247	0.000000	0.000000	0.000000	0.000000	0.000000	0.000000	0.000001	0.000000	0.000000	0.000000	132.131092	4.000000	0.000000
48	0.577353	2.868166e+04	377.98	1133.96	8.739245e-02	654.68	0.209107	0.786645	0.004247	0.000000	0.000000	0.000000	0.000000	0.000000	0.000000	0.000001	0.000000	0.000000	0.000000	132.131092	4.000000	0.000000
49	0.577353	2.868166e+04	377.98	1133.96	8.739245e-02	654.68	0.209107	0.786645	0.004247	0.000000	0.000000	0.000000	0.000000	0.000000	0.000000	0.000001	0.000000	0.000000	0.000000	132.131092	4.000000	0.000000
50	0.577353	2.868166e+04	377.98	1133.96	8.739245e-02	654.68	0.209107	0.786645	0.004247	0.000000	0.000000	0.000000	0.000000	0.000000	0.000000	0.000001	0.000000	0.000000	0.000000	132.131092	4.000000	0.000000
51	0.577353	2.868166e+04	377.98	1133.96	8.739245e-02	654.68	0.209107	0.786645	0.004247	0.000000	0.000000	0.000000	0.000000	0.000000	0.000000	0.000001	0.000000	0.000000	0.000000	132.131092	4.000000	0.000000
52	0.577353	2.868166e+04	377.98	1133.96	8.739245e-02	654.68	0.209107	0.786645	0.004247	0.000000	0.000000	0.000000	0.000000	0.000000	0.000000	0.000001	0.000000	0.000000	0.000000	132.131092	4.000000	0.000000
53	0.577353	2.868166e+04	377.98	1133.96	8.739245e-02	654.68	0.209107	0.786645	0.004247	0.000000	0.000000	0.000000	0.000000	0.000000	0.000000	0.000001	0.000000	0.000000	0.000000	132.131092	4.000000	0.000000
54	0.577353	2.868166e+04	377.98	1133.96	8.739245e-02	654.68	0.209107	0.786645	0.004247	0.000000	0.000000	0.000000	0.000000	0.000000	0.000000	0.000001	0.000000	0.000000	0.000000	132.131092	4.000000	0.000000
55	0.577353	2.868166e+04	377.98	1133.96	8.739245e-02	654.68	0.209107	0.786645	0.004247	0.000000	0.000000	0.000000	0.000000	0.000000	0.000000	0.000001	0.000000	0.000000	0.000000	132.131092	4.000000	0.000000
56	0.577353	2.868166e+04	377.98	1133.96	8.739245e-02	654.68	0.209107	0.786645	0.004247	0.000000	0.000000	0.000000	0.000000	0.000000	0.000000	0.000001	0.000000	0.000000	0.000000	132.131092	4.000000	0.000000
57	0.577353	2.868166e+04	377.98	1133.96	8.739245e-02	654.68	0.209107	0.786645	0.004247	0.000000	0.000000	0.000000	0.000000	0.000000	0.000000	0.000001	0.000000	0.000000	0.000000	132.131092	4.000000	0.000000
58	0.577353	2.868166e+04	377.98	1133.96	8.739245e-02	654.68	0.209107	0.786645	0.004247	0.000000	0.000000	0.000000	0.000000	0.000000	0.000000	0.000001	0.000000	0.000000	0.000000	132.131092	4.000000	0.000000
59	0.577353	2.868166e+04	377.98	1133.96	8.739245e-02	654.68	0.209107	0.786645	0.004247	0.000000	0.000000	0.000000	0.000000	0.000000	0.000000	0.000001	0.000000	0.000000	0.000000	132.131092	4.000000	0.000000
60	0.577353	2.868166e+04	377.98	1133.96	8.739245e-02	654.68	0.209107	0.786645	0.004247	0.000000	0.000000	0.000000	0.000000	0.000000	0.000000	0.000001	0.000000	0.000000	0.000000	132.131092	4.000000	0.000000
61	0.577353	2.868166e+04	377.98	1133.96	8.739245e-02	654.68	0.209107	0.786645	0.004247	0.000000	0.000000	0.000000	0.000000	0.000000	0.000000	0.000001	0.000000	0.000000	0.000000	132.131092	4.000000	0.000000
62	0.577353	2.868166e+04	377.98	1133.96	8.739245e-02	654.68	0.209107	0.786645	0.004247	0.000000	0.000000	0.000000	0.000000	0.000000	0.000000	0.000001	0.000000	0.000000	0.000000	132.131092	4.000000	0.000000
63	0.577353	2.868166e+04	377.98	1133.96	8.739245e-02	654.68	0.209107	0.786645	0.004247	0.000000	0.000000	0.000000	0.000000	0.000000	0.000000	0.000001	0.000000	0.000000	0.000000	132.131092	4.000000	0.000000
64	0.577353	2.868166e+04	377.98	1133.96	8.739245e-02	654.68	0.209107	0.786645	0.004247	0.000000	0.000000	0.000000	0.000000	0.000000	0.000000	0.000001	0.000000	0.000000	0.000000	132.131092	4.000000	0.000000
65	0.577353	2.868166e+04	377.98	1133.96	8.739245e-02	654.68	0.209107	0.786645	0.004247	0.000000	0.000000	0.000000	0.000000	0.000000	0.000000	0.000001	0.000000	0.000000	0.000000	132.131092	4.000000	0.000000
66	0.577353	2.868166e+04	377.98	1133.96	8.739245e-02	654.68	0.209107	0.786645	0.004247	0.000000	0.000000	0.000000	0.000000	0.000000	0.000000	0.000001	0.000000	0.000000	0.000000	132.131092	4.000000	0.000000
67	0.577353	2.868166e+04	377.98	1133.96	8.739245e-02	654.68	0.209107	0.786645	0.004247	0.000000	0.000000	0.000000	0.000000	0.000000	0.000000	0.000001	0.000000	0.000000	0.000000	132.131092	4.000000	0.000000
68	0.577353	2.868166e+04	377.98	1133.96	8.739245e-02	654.68	0.209107	0.786645	0.004247	0.000000	0.000000	0.000000	0.000000	0.000000	0.000000	0.000001	0.000000	0.000000	0.000000	132.131094	4.000000	0.000000
69	0.577353	2.868166e+04	377.98	1133.96	8.739245e-02	654.68	0.209107	0.786645	0.004247	0.000000	0.000000	0.000000	0.000000	0.000000	0.000000	0.000001	0.000000	0.000000	0.000000	132.131092	4.000000	0.000000
70	0.577353	2.868165e+04	377.98	1133.96	8.739237e-02	654.68	0.209106	0.786645	0.004247	0.000000	0.000000	0.000000	0.000001	0.000000	0.000000	0.000001	0.000000	0.000000	0.000000	132.131092	4.000000	0.000000
71	0.577354	2.868163e+04	377.98	1133.96	8.739228e-02	654.68	0.209106	0.786645	0.004247	0.000000	0.000000	0.000000	0.000001	0.000000	0.000000	0.000001	0.000000	0.000000	0.000000	132.131092	4.000000	0.000000
72	0.577354	2.868162e+04	377.98	1133.96	8.739219e-02	654.68	0.209106	0.786645	0.004247	0.000000	0.000000	0.000000	0.000001	0.000000	0.000000	0.000002	0.000000	0.000000	0.000000	132.131092	4.000000	0.000001
73	0.577355	2.868158e+04	377.98	1133.96	8.739192e-02	654.68	0.209105	0.786645	0.004247	0.000000	0.000000	0.000000	0.000001	0.000000	0.000000	0.000002	0.000000	0.000000	0.000000	132.131092	4.000000	0.000001
74	0.577355	2.868158e+04	377.98	1133.96	8.739192e-02	654.68	0.209105	0.786645	0.004247	0.000000	0.000000	0.000000	0.000001	0.000000	0.000000	0.000002	0.000000	0.000000	0.000000	132.131092	4.000000	0.000001
75	0.577357	2.868154e+04	377.99	1133.96	8.739163e-02	654.68	0.209104	0.786645	0.004247	0.000000	0.000000	0.000000	0.000001	0.000000	0.000000	0.000003	0.000000	0.000000	0.000000	132.131092	4.000000	0.000001
76	0.577358	2.868150e+04	377.99	1133.97	8.739133e-02	654.68	0.209103	0.786645	0.004247	0.000000	0.000000	0.000000	0.000001	0.000000	0.000000	0.000003	0.000000	0.000000	0.000000	132.131092	4.000000	0.000001
77	0.577362	2.868141e+04	377.99	1133.97	8.739067e-02	654.68	0.209102	0.786645	0.004247	0.000000	0.000000	0.000000	0.000002	0.000000	0.000000	0.000004	0.000001	0.000000	0.000000	132.131092	4.000000	0.000001
78	0.577362	2.868140e+04	377.99	1133.97	8.739067e-02	654.68	0.209102	0.786645	0.004247	0.000000	0.000000	0.000000	0.000002	0.000000	0.000000	0.000004	0.000001	0.000000	0.000000	132.131092	4.000000	0.000001
79	0.577365	2.868130e+04	377.99	1133.98	8.738993e-02	654.69	0.209100	0.786645	0.004246	0.000000	0.000000	0.000000	0.000003	0.000000	0.000000	0.000005	0.000001	0.000000	0.000000	132.131092	4.000000	0.000001
80	0.577369	2.868118e+04	378.00	1133.99	8.738911e-02	654.69	0.209098	0.786645	0.004246	0.000000	0.000000	0.000000	0.000003	0.000000	0.000000	0.000006	0.000002	0.000000	0.000000	132.131092	4.000000	0.000002
81	0.577374	2.868105e+04	378.00	1134.00	8.738820e-02	654.69	0.209096	0.786645	0.004246	0.000000	0.000000	0.000000	0.000004	0.000000	0.000000	0.000007	0.000002	0.000000	0.000000	132.131092	4.000000	0.000002
82	0.577379	2.868091e+04	378.00	1134.00	8.738721e-02	654.69	0.209093	0.786645	0.004246	0.000000	0.000000	0.000000	0.000005	0.000000	0.000000	0.000008	0.000003	0.000000	0.000000	132.131092	4.000000	0.000002
83	0.577384	2.868076e+04	378.01	1134.01	8.738613e-02	654.69	0.209091	0.786645	0.004246	0.000000	0.000000	0.000000	0.000005	0.000000	0.000000	0.000009	0.000004	0.000000	0.000000	132.131092	4.000000	0.000003
84	0.577390	2.868059e+04	378.01	1134.02	8.738498e-02	654.69	0.209089	0.786645	0.004246	0.000000	0.000000	0.000000	0.000006	0.000000	0.000000	0.000009	0.000005	0.000000	0.000000	132.131092	4.000000	0.000003
85	0.577396	2.868042e+04	378.02	1134.04	8.738375e-02	654.70	0.209086	0.786645	0.004246	0.000000	0.000000	0.000000	0.000007	0.000000	0.000000	0.000010	0.000006	0.000000	0.000000	132.131092	4.000000	0.000003
86	0.577403	2.868023e+04	378.03	1134.05	8.738246e-02	654.70	0.209084	0.786645	0.004245	0.000000	0.000000	0.000000	0.000008	0.000000	0.000000	0.000011	0.000008	0.000000	0.000000	132.131092	4.000000	0.000003
87	0.577409	2.868004e+04	378.03	1134.06	8.738110e-02	654.70	0.209081	0.786645	0.004245	0.000000	0.000000	0.000000	0.000009	0.000000	0.000000	0.000011	0.000009	0.000000	0.000000	132.131092	4.000000	0.000004
88	0.577409	2.868004e+04	378.03	1134.06	8.738110e-02	654.70	0.209081	0.786645	0.004245	0.000000	0.000000	0.000000	0.000009	0.000000	0.000000	0.000011	0.000009	0.000000	0.000000	132.131092	4.000000	0.000004
89	0.577409	2.868004e+04	378.03	1134.06	8.738110e-02	654.70	0.209081	0.786645	0.004245	0.000000	0.000000	0.000000	0.000009	0.000000	0.000000	0.000011	0.000009	0.000000	0.000000	132.131092	4.000000	0.000004
90	0.577409	2.868004e+04	378.03	1134.06	8.738110e-02	654.70	0.209081	0.786645	0.004245	0.000000	0.000000	0.000000	0.000009	0.000000	0.000000	0.000011	0.000009	0.000000	0.000000	132.131092	4.000000	0.000004
91	0.577409	2.868004e+04	378.03	1134.06	8.738111e-02	654.70	0.209081	0.786645	0.004245	0.000000	0.000000	0.000000	0.000009	0.000000	0.000000	0.000011	0.000009	0.000000	0.000000	132.131092	4.000000	0.000004
92	0.577409	2.868004e+04	378.03	1134.06	8.738110e-02	654.70	0.209081	0.786645	0.004245	0.000000	0.000000	0.000000	0.000009	0.000000	0.000000	0.000011	0.000009	0.000000	0.000000	132.131092	4.000000	0.000004
93	0.577409	2.868004e+04	378.03	1134.06	8.738110e-02	654.70	0.209081	0.786645	0.004245	0.000000	0.000000	0.000000	0.000009	0.000000	0.000000	0.000011	0.000009	0.000000	0.000000	132.131092	4.000000	0.000004
94	0.577409	2.868004e+04	378.03	1134.06	8.738110e-02	654.70	0.209081	0.786645	0.004245	0.000000	0.000000	0.000000	0.000009	0.000000	0.000000	0.000011	0.000009	0.000000	0.000000	132.131092	4.000000	0.000004
95	0.577409	2.868004e+04	378.03	1134.06	8.738110e-02	654.70	0.209081	0.786645	0.004245	0.000000	0.000000	0.000000	0.000009	0.000000	0.000000	0.000011	0.000009	0.000000	0.000000	132.131092	4.000000	0.000004
96	0.577409	2.868004e+04	378.03	1134.06	8.738110e-02	654.70	0.209081	0.786645	0.004245	0.000000	0.000000	0.000000	0.000009	0.000000	0.000000	0.000011	0.000009	0.000000	0.000000	132.131092	4.000000	0.000004
97	0.577409	2.868004e+04	378.03	1134.06	8.738110e-02	654.70	0.209081	0.786645	0.004245	0.000000	0.000000	0.000000	0.000009	0.000000	0.000000	0.000011	0.000009	0.000000	0.000000	132.131092	4.000000	0.000004
98	0.577409	2.868004e+04	378.03	1134.06	8.738110e-02	654.70	0.209081	0.786645	0.004245	0.000000	0.000000	0.000000	0.000009	0.000000	0.000000	0.000011	0.000009	0.000000	0.000000	132.131092	4.000000	0.000004
99	0.577409	2.868004e+04	378.03	1134.06	8.738110e-02	654.70	0.209081	0.786645	0.004245	0.000000	0.000000	0.000000	0.000009	0.000000	0.000000	0.000011	0.000009	0.000000	0.000000	132.131092	4.000000	0.000004
100	0.577409	2.868004e+04	378.03	1134.06	8.738110e-02	654.70	0.209081	0.786645	0.004245	0.000000	0.000000	0.000000	0.000009	0.000000	0.000000	0.000011	0.000009	0.000000	0.000000	132.131092	4.000000	0.000004
101	0.577409	2.868004e+04	378.03	1134.06	8.738110e-02	654.70	0.209081	0.786645	0.004245	0.000000	0.000000	0.000000	0.000009	0.000000	0.000000	0.000011	0.000009	0.000000	0.000000	132.131092	4.000000	0.000004
102	0.577409	2.868004e+04	378.03	1134.06	8.738110e-02	654.70	0.209081	0.786645	0.004245	0.000000	0.000000	0.000000	0.000009	0.000000	0.000000	0.000011	0.000009	0.000000	0.000000	132.131092	4.000000	0.000004
103	0.577409	2.868004e+04	378.03	1134.06	8.738110e-02	654.70	0.209081	0.786645	0.004245	0.000000	0.000000	0.000000	0.000009	0.000000	0.000000	0.000011	0.000009	0.000000	0.000000	132.131092	4.000000	0.000004
104	0.577409	2.868004e+04	378.03	1134.06	8.738110e-02	654.70	0.209081	0.786645	0.004245	0.000000	0.000000	0.000000	0.000009	0.000000	0.000000	0.000011	0.000009	0.000000	0.000000	132.131092	4.000000	0.000004
105	0.577409	2.868004e+04	378.03	1134.06	8.738110e-02	654.70	0.209081	0.786645	0.004245	0.000000	0.000000	0.000000	0.000009	0.000000	0.000000	0.000011	0.000009	0.000000	0.000000	132.131092	4.000000	0.000004
106	0.577409	2.868004e+04	378.03	1134.06	8.738110e-02	654.70	0.209081	0.786645	0.004245	0.000000	0.000000	0.000000	0.000009	0.000000	0.000000	0.000011	0.000009	0.000000	0.000000	132.131092	4.000000	0.000004
107	0.577409	2.868004e+04	378.03	1134.06	8.738110e-02	654.70	0.209081	0.786645	0.004245	0.000000	0.000000	0.000000	0.000009	0.000000	0.000000	0.000011	0.000009	0.000000	0.000000	132.131092	4.000000	0.000004
108	0.577409	2.868004e+04	378.03	1134.06	8.738110e-02	654.70	0.209081	0.786645	0.004245	0.000000	0.000000	0.000000	0.000009	0.000000	0.000000	0.000011	0.000009	0.000000	0.000000	132.131092	4.000000	0.000004
109	0.577409	2.868004e+04	378.03	1134.06	8.738110e-02	654.70	0.209081	0.786645	0.004245	0.000000	0.000000	0.000000	0.000009	0.000000	0.000000	0.000011	0.000009	0.000000	0.000000	132.131092	4.000000	0.000004
110	0.577409	2.868004e+04	378.03	1134.06	8.738110e-02	654.70	0.209081	0.786645	0.004245	0.000000	0.000000	0.000000	0.000009	0.000000	0.000000	0.000011	0.000009	0.000000	0.000000	132.131094	4.000000	0.000004
111	0.577409	2.868004e+04	378.03	1134.06	8.738110e-02	654.70	0.209081	0.786645	0.004245	0.000000	0.000000	0.000000	0.000009	0.000000	0.000000	0.000011	0.000009	0.000000	0.000000	132.131092	4.000000	0.000004
112	0.577416	2.867984e+04	378.04	1134.07	8.737969e-02	654.70	0.209079	0.786645	0.004245	0.000000	0.000000	0.000000	0.000010	0.000000	0.000000	0.000012	0.000010	0.000000	0.000000	132.131092	4.000000	0.000004
113	0.577423	2.867963e+04	378.04	1134.09	8.737823e-02	654.71	0.209076	0.786645	0.004245	0.000000	0.000000	0.000000	0.000010	0.000000	0.000000	0.000012	0.000012	0.000000	0.000000	132.131092	4.000000	0.000004
114	0.577431	2.867941e+04	378.05	1134.10	8.737673e-02	654.71	0.209074	0.786645	0.004245	0.000000	0.000000	0.000000	0.000011	0.000000	0.000000	0.000012	0.000013	0.000000	0.000000	132.131092	4.000000	0.000004
115	0.577439	2.867919e+04	378.06	1134.11	8.737519e-02	654.71	0.209071	0.786645	0.004244	0.000000	0.000000	0.000000	0.000012	0.000000	0.000000	0.000013	0.000015	0.000000	0.000000	132.131092	4.000000	0.000005
116	0.577446	2.867897e+04	378.06	1134.13	8.737361e-02	654.72	0.209068	0.786645	0.004244	0.000000	0.000000	0.000000	0.000013	0.000000	0.000000	0.000013	0.000017	0.000000	0.000000	132.131092	4.000000	0.000005
117	0.577454	2.867874e+04	378.07	1134.14	8.737200e-02	654.72	0.209066	0.786645	0.004244	0.000000	0.000000	0.000000	0.000014	0.000000	0.000000	0.000013	0.000018	0.000000	0.000000	132.131092	4.000000	0.000005
118	0.577462	2.867850e+04	378.08	1134.16	8.737037e-02	654.72	0.209063	0.786645	0.004244	0.000000	0.000000	0.000000	0.000015	0.000000	0.000000	0.000013	0.000020	0.000000	0.000000	132.131092	4.000000	0.000006
119	0.577471	2.867827e+04	378.08	1134.17	8.736872e-02	654.73	0.209060	0.786645	0.004243	0.000000	0.000000	0.000000	0.000016	0.000000	0.000000	0.000013	0.000022	0.000000	0.000000	132.131092	4.000000	0.000006
120	0.577479	2.867803e+04	378.09	1134.19	8.736704e-02	654.73	0.209057	0.786645	0.004243	0.000000	0.000000	0.000000	0.000017	0.000000	0.000000	0.000014	0.000023	0.000000	0.000000	132.131092	4.000000	0.000006
121	0.577479	2.867803e+04	378.09	1134.19	8.736704e-02	654.73	0.209057	0.786645	0.004243	0.000000	0.000000	0.000000	0.000017	0.000000	0.000000	0.000014	0.000023	0.000000	0.000000	132.131092	4.000000	0.000006
122	0.577487	2.867779e+04	378.10	1134.20	8.736535e-02	654.73	0.209055	0.786645	0.004243	0.000000	0.000000	0.000000	0.000018	0.000000	0.000000	0.000014	0.000025	0.000000	0.000000	132.131092	4.000000	0.000006
123	0.577496	2.867754e+04	378.11	1134.22	8.736364e-02	654.73	0.209052	0.786645	0.004243	0.000000	0.000000	0.000000	0.000019	0.000000	0.000000	0.000014	0.000027	0.000000	0.000000	132.131092	4.000000	0.000007
124	0.577504	2.867730e+04	378.11	1134.23	8.736193e-02	654.74	0.209049	0.786645	0.004243	0.000000	0.000000	0.000000	0.000020	0.000000	0.000000	0.000014	0.000029	0.000000	0.000000	132.131092	4.000000	0.000007
125	0.577504	2.867730e+04	378.11	1134.23	8.736193e-02	654.74	0.209049	0.786645	0.004243	0.000000	0.000000	0.000000	0.000020	0.000000	0.000000	0.000014	0.000029	0.000000	0.000000	132.131092	4.000000	0.000007
126	0.577513	2.867705e+04	378.12	1134.25	8.736020e-02	654.74	0.209047	0.786645	0.004242	0.000000	0.000000	0.000000	0.000021	0.000000	0.000000	0.000014	0.000031	0.000000	0.000000	132.131092	4.000000	0.000007
127	0.577521	2.867680e+04	378.13	1134.26	8.735846e-02	654.74	0.209044	0.786645	0.004242	0.000000	0.000000	0.000000	0.000022	0.000000	0.000000	0.000014	0.000033	0.000000	0.000000	132.131092	4.000000	0.000007
128	0.577530	2.867655e+04	378.14	1134.28	8.735671e-02	654.75	0.209041	0.786645	0.004242	0.000000	0.000000	0.000000	0.000023	0.000000	0.000000	0.000014	0.000035	0.000000	0.000000	132.131092	4.000000	0.000008
129	0.577530	2.867655e+04	378.14	1134.28	8.735672e-02	654.75	0.209041	0.786645	0.004242	0.000000	0.000000	0.000000	0.000023	0.000000	0.000000	0.000014	0.000035	0.000000	0.000000	132.131092	4.000000	0.000008
130	0.577539	2.867630e+04	378.14	1134.29	8.735496e-02	654.75	0.209038	0.786645	0.004242	0.000000	0.000000	0.000000	0.000024	0.000000	0.000000	0.000014	0.000037	0.000000	0.000000	132.131092	4.000000	0.000008
131	0.577548	2.867605e+04	378.15	1134.31	8.735320e-02	654.75	0.209036	0.786645	0.004241	0.000000	0.000000	0.000000	0.000025	0.000000	0.000000	0.000014	0.000038	0.000000	0.000000	132.131092	4.000000	0.000008
132	0.577556	2.867580e+04	378.16	1134.32	8.735143e-02	654.76	0.209033	0.786645	0.004241	0.000000	0.000000	0.000000	0.000026	0.000000	0.000000	0.000014	0.000040	0.000000	0.000000	132.131092	4.000000	0.000009
133	0.577556	2.867580e+04	378.16	1134.32	8.735143e-02	654.76	0.209033	0.786645	0.004241	0.000000	0.000000	0.000000	0.000026	0.000000	0.000000	0.000014	0.000040	0.000000	0.000000	132.131092	4.000000	0.000009
134	0.577565	2.867554e+04	378.17	1134.34	8.734966e-02	654.76	0.209030	0.786645	0.004241	0.000000	0.000000	0.000000	0.000028	0.000000	0.000000	0.000014	0.000042	0.000000	0.000000	132.131092	4.000000	0.000009
135	0.577574	2.867529e+04	378.17	1134.36	8.734788e-02	654.76	0.209027	0.786645	0.004241	0.000000	0.000000	0.000000	0.000029	0.000000	0.000000	0.000014	0.000044	0.000000	0.000000	132.131092	4.000000	0.000009
136	0.577574	2.867529e+04	378.17	1134.36	8.734788e-02	654.76	0.209027	0.786645	0.004241	0.000000	0.000000	0.000000	0.000029	0.000000	0.000000	0.000014	0.000044	0.000000	0.000000	132.131092	4.000000	0.000009
137	0.577583	2.867503e+04	378.18	1134.37	8.734609e-02	654.77	0.209024	0.786645	0.004241	0.000000	0.000000	0.000000	0.000030	0.000000	0.000000	0.000014	0.000046	0.000000	0.000000	132.131092	4.000000	0.000009
138	0.577592	2.867478e+04	378.19	1134.39	8.734431e-02	654.77	0.209022	0.786645	0.004240	0.000000	0.000000	0.000000	0.000031	0.000000	0.000000	0.000014	0.000048	0.000000	0.000000	132.131092	4.000000	0.000010
139	0.577601	2.867452e+04	378.20	1134.40	8.734251e-02	654.77	0.209019	0.786645	0.004240	0.000000	0.000000	0.000000	0.000032	0.000000	0.000000	0.000014	0.000050	0.000000	0.000000	132.131092	4.000000	0.000010
140	0.577601	2.867452e+04	378.20	1134.40	8.734251e-02	654.77	0.209019	0.786645	0.004240	0.000000	0.000000	0.000000	0.000032	0.000000	0.000000	0.000014	0.000050	0.000000	0.000000	132.131092	4.000000	0.000010
141	0.577609	2.867426e+04	378.21	1134.42	8.734071e-02	654.78	0.209016	0.786645	0.004240	0.000000	0.000000	0.000000	0.000033	0.000000	0.000000	0.000014	0.000052	0.000000	0.000000	132.131092	4.000000	0.000010
142	0.577624	2.867385e+04	378.22	1134.45	8.733784e-02	654.78	0.209012	0.786645	0.004239	0.000000	0.000000	0.000000	0.000035	0.000000	0.000000	0.000015	0.000055	0.000000	0.000000	132.131092	4.000000	0.000011
143	0.577624	2.867385e+04	378.22	1134.45	8.733784e-02	654.78	0.209012	0.786645	0.004239	0.000000	0.000000	0.000000	0.000035	0.000000	0.000000	0.000015	0.000055	0.000000	0.000000	132.131092	4.000000	0.000011
144	0.577624	2.867385e+04	378.22	1134.45	8.733784e-02	654.78	0.209012	0.786645	0.004239	0.000000	0.000000	0.000000	0.000035	0.000000	0.000000	0.000015	0.000055	0.000000	0.000000	132.131092	4.000000	0.000011
145	0.577638	2.867344e+04	378.23	1134.47	8.733495e-02	654.79	0.209007	0.786645	0.004239	0.000000	0.000000	0.000000	0.000036	0.000000	0.000000	0.000015	0.000058	0.000000	0.000000	132.131092	4.000000	0.000011
146	0.577652	2.867302e+04	378.24	1134.50	8.733206e-02	654.79	0.209003	0.786645	0.004239	0.000000	0.000000	0.000000	0.000038	0.000000	0.000000	0.000015	0.000061	0.000000	0.000000	132.131092	4.000000	0.000012
147	0.577667	2.867261e+04	378.26	1134.52	8.732915e-02	654.80	0.208998	0.786645	0.004238	0.000000	0.000000	0.000000	0.000040	0.000000	0.000000	0.000015	0.000064	0.000000	0.000000	132.131092	4.000000	0.000012
148	0.577681	2.867219e+04	378.27	1134.55	8.732623e-02	654.81	0.208994	0.786645	0.004238	0.000000	0.000000	0.000000	0.000041	0.000000	0.000000	0.000015	0.000068	0.000000	0.000000	132.131092	4.000000	0.000012
149	0.577696	2.867177e+04	378.28	1134.58	8.732330e-02	654.81	0.208989	0.786645	0.004238	0.000000	0.000000	0.000000	0.000043	0.000000	0.000000	0.000015	0.000071	0.000000	0.000000	132.131092	4.000000	0.000013
150	0.577710	2.867135e+04	378.29	1134.60	8.732036e-02	654.82	0.208984	0.786645	0.004237	0.000000	0.000000	0.000000	0.000045	0.000000	0.000000	0.000015	0.000074	0.000000	0.000000	132.131092	4.000000	0.000013
151	0.577725	2.867093e+04	378.31	1134.63	8.731741e-02	654.82	0.208980	0.786645	0.004237	0.000000	0.000000	0.000000	0.000047	0.000000	0.000000	0.000015	0.000077	0.000000	0.000000	132.131092	4.000000	0.000014
152	0.577740	2.867050e+04	378.32	1134.65	8.731444e-02	654.83	0.208975	0.786645	0.004236	0.000000	0.000000	0.000000	0.000048	0.000000	0.000000	0.000015	0.000080	0.000000	0.000000	132.131092	4.000000	0.000014
153	0.577754	2.867008e+04	378.33	1134.68	8.731146e-02	654.83	0.208971	0.786645	0.004236	0.000000	0.000000	0.000000	0.000050	0.000000	0.000000	0.000015	0.000083	0.000000	0.000000	132.131092	4.000000	0.000015
154	0.577769	2.866965e+04	378.35	1134.71	8.730847e-02	654.84	0.208966	0.786645	0.004236	0.000000	0.000000	0.000000	0.000052	0.000000	0.000000	0.000015	0.000086	0.000000	0.000000	132.131092	4.000000	0.000015
155	0.577784	2.866922e+04	378.36	1134.73	8.730547e-02	654.84	0.208962	0.786645	0.004235	0.000000	0.000000	0.000000	0.000054	0.000000	0.000000	0.000015	0.000090	0.000000	0.000000	132.131092	4.000000	0.000015
156	0.577799	2.866879e+04	378.37	1134.76	8.730245e-02	654.85	0.208957	0.786645	0.004235	0.000000	0.000000	0.000000	0.000055	0.000000	0.000000	0.000015	0.000093	0.000000	0.000000	132.131092	4.000000	0.000016
157	0.577814	2.866835e+04	378.38	1134.79	8.729941e-02	654.86	0.208952	0.786645	0.004235	0.000000	0.000000	0.000000	0.000057	0.000000	0.000000	0.000015	0.000096	0.000000	0.000000	132.131092	4.000000	0.000016
158	0.577829	2.866792e+04	378.40	1134.81	8.729636e-02	654.86	0.208948	0.786645	0.004234	0.000000	0.000000	0.000000	0.000059	0.000000	0.000000	0.000015	0.000099	0.000000	0.000000	132.131092	4.000000	0.000017
159	0.577845	2.866748e+04	378.41	1134.84	8.729330e-02	654.87	0.208943	0.786645	0.004234	0.000000	0.000000	0.000000	0.000061	0.000000	0.000000	0.000015	0.000102	0.000000	0.000000	132.131092	4.000000	0.000017
160	0.577860	2.866704e+04	378.42	1134.87	8.729022e-02	654.87	0.208938	0.786645	0.004233	0.000000	0.000000	0.000000	0.000063	0.000000	0.000000	0.000015	0.000106	0.000000	0.000000	132.131092	4.000000	0.000018
161	0.577875	2.866659e+04	378.44	1134.90	8.728713e-02	654.88	0.208933	0.786645	0.004233	0.000000	0.000000	0.000000	0.000065	0.000000	0.000000	0.000015	0.000109	0.000000	0.000000	132.131092	4.000000	0.000018
162	0.577891	2.866615e+04	378.45	1134.92	8.728401e-02	654.88	0.208929	0.786645	0.004233	0.000000	0.000000	0.000000	0.000067	0.000000	0.000000	0.000015	0.000112	0.000000	0.000000	132.131092	4.000000	0.000019
163	0.577891	2.866615e+04	378.45	1134.92	8.728401e-02	654.88	0.208929	0.786645	0.004233	0.000000	0.000000	0.000000	0.000067	0.000000	0.000000	0.000015	0.000112	0.000000	0.000000	132.131092	4.000000	0.000019
164	0.577891	2.866615e+04	378.45	1134.92	8.728401e-02	654.88	0.208929	0.786645	0.004233	0.000000	0.000000	0.000000	0.000067	0.000000	0.000000	0.000015	0.000112	0.000000	0.000000	132.131092	4.000000	0.000019
165	0.577906	2.866570e+04	378.47	1134.95	8.728088e-02	654.89	0.208924	0.786645	0.004232	0.000000	0.000000	0.000000	0.000068	0.000000	0.000000	0.000015	0.000115	0.000000	0.000000	132.131092	4.000000	0.000019
166	0.577922	2.866525e+04	378.48	1134.98	8.727773e-02	654.90	0.208919	0.786645	0.004232	0.000000	0.000000	0.000000	0.000070	0.000000	0.000000	0.000015	0.000119	0.000000	0.000000	132.131092	4.000000	0.000019
167	0.577922	2.866525e+04	378.48	1134.98	8.727773e-02	654.90	0.208919	0.786645	0.004232	0.000000	0.000000	0.000000	0.000070	0.000000	0.000000	0.000015	0.000119	0.000000	0.000000	132.131092	4.000000	0.000019
168	0.577937	2.866479e+04	378.49	1135.01	8.727457e-02	654.90	0.208914	0.786645	0.004231	0.000000	0.000000	0.000000	0.000072	0.000000	0.000000	0.000016	0.000122	0.000000	0.000000	132.131092	4.000000	0.000020
169	0.577953	2.866434e+04	378.51	1135.04	8.727138e-02	654.91	0.208909	0.786645	0.004231	0.000000	0.000000	0.000000	0.000074	0.000000	0.000000	0.000016	0.000125	0.000000	0.000000	132.131092	4.000000	0.000020
170	0.577969	2.866388e+04	378.52	1135.07	8.726818e-02	654.91	0.208905	0.786645	0.004231	0.000000	0.000000	0.000000	0.000076	0.000000	0.000000	0.000016	0.000128	0.000000	0.000000	132.131092	4.000000	0.000021
171	0.577985	2.866342e+04	378.53	1135.09	8.726495e-02	654.92	0.208900	0.786645	0.004230	0.000000	0.000000	0.000000	0.000078	0.000000	0.000000	0.000016	0.000132	0.000000	0.000000	132.131092	4.000000	0.000021
172	0.578001	2.866295e+04	378.55	1135.12	8.726171e-02	654.93	0.208895	0.786645	0.004230	0.000000	0.000000	0.000000	0.000080	0.000000	0.000000	0.000016	0.000135	0.000000	0.000000	132.131092	4.000000	0.000022
173	0.578017	2.866248e+04	378.56	1135.15	8.725844e-02	654.93	0.208890	0.786645	0.004229	0.000000	0.000000	0.000000	0.000082	0.000000	0.000000	0.000016	0.000138	0.000000	0.000000	132.131092	4.000000	0.000022
174	0.578034	2.866201e+04	378.58	1135.18	8.725516e-02	654.94	0.208885	0.786645	0.004229	0.000000	0.000000	0.000000	0.000084	0.000000	0.000000	0.000016	0.000142	0.000000	0.000000	132.131092	4.000000	0.000022
175	0.578034	2.866201e+04	378.58	1135.18	8.725516e-02	654.94	0.208885	0.786645	0.004229	0.000000	0.000000	0.000000	0.000084	0.000000	0.000000	0.000016	0.000142	0.000000	0.000000	132.131092	4.000000	0.000022
176	0.578050	2.866154e+04	378.59	1135.21	8.725185e-02	654.95	0.208880	0.786645	0.004228	0.000000	0.000000	0.000000	0.000086	0.000000	0.000000	0.000016	0.000145	0.000000	0.000000	132.131092	4.000000	0.000023
177	0.578078	2.866074e+04	378.62	1135.26	8.724630e-02	654.96	0.208872	0.786645	0.004228	0.000000	0.000000	0.000000	0.000089	0.000000	0.000000	0.000016	0.000150	0.000000	0.000000	132.131092	4.000000	0.000024
178	0.578078	2.866074e+04	378.62	1135.26	8.724630e-02	654.96	0.208872	0.786645	0.004228	0.000000	0.000000	0.000000	0.000089	0.000000	0.000000	0.000016	0.000150	0.000000	0.000000	132.131092	4.000000	0.000024
179	0.578078	2.866074e+04	378.62	1135.26	8.724630e-02	654.96	0.208872	0.786645	0.004228	0.000000	0.000000	0.000000	0.000089	0.000000	0.000000	0.000016	0.000150	0.000000	0.000000	132.131092	4.000000	0.000024
180	0.578078	2.866074e+04	378.62	1135.26	8.724630e-02	654.96	0.208872	0.786645	0.004228	0.000000	0.000000	0.000000	0.000089	0.000000	0.000000	0.000016	0.000150	0.000000	0.000000	132.131092	4.000000	0.000024
181	0.578078	2.866074e+04	378.62	1135.26	8.724630e-02	654.96	0.208872	0.786645	0.004228	0.000000	0.000000	0.000000	0.000089	0.000000	0.000000	0.000016	0.000150	0.000000	0.000000	132.131092	4.000000	0.000024
182	0.578078	2.866074e+04	378.62	1135.26	8.724630e-02	654.96	0.208872	0.786645	0.004228	0.000000	0.000000	0.000000	0.000089	0.000000	0.000000	0.000016	0.000150	0.000000	0.000000	132.131092	4.000000	0.000024
183	0.578078	2.866074e+04	378.62	1135.26	8.724630e-02	654.96	0.208872	0.786645	0.004228	0.000000	0.000000	0.000000	0.000089	0.000000	0.000000	0.000016	0.000150	0.000000	0.000000	132.131092	4.000000	0.000024
184	0.578078	2.866074e+04	378.62	1135.26	8.724630e-02	654.96	0.208872	0.786645	0.004228	0.000000	0.000000	0.000000	0.000089	0.000000	0.000000	0.000016	0.000150	0.000000	0.000000	132.131092	4.000000	0.000024
185	0.578078	2.866074e+04	378.62	1135.26	8.724630e-02	654.96	0.208872	0.786645	0.004228	0.000000	0.000000	0.000000	0.000089	0.000000	0.000000	0.000016	0.000150	0.000000	0.000000	132.131092	4.000000	0.000024
186	0.578078	2.866074e+04	378.62	1135.26	8.724630e-02	654.96	0.208872	0.786645	0.004228	0.000000	0.000000	0.000000	0.000089	0.000000	0.000000	0.000016	0.000150	0.000000	0.000000	132.131092	4.000000	0.000024
187	0.578078	2.866074e+04	378.62	1135.26	8.724630e-02	654.96	0.208872	0.786645	0.004228	0.000000	0.000000	0.000000	0.000089	0.000000	0.000000	0.000016	0.000150	0.000000	0.000000	132.131092	4.000000	0.000024
188	0.578078	2.866074e+04	378.62	1135.26	8.724630e-02	654.96	0.208872	0.786645	0.004228	0.000000	0.000000	0.000000	0.000089	0.000000	0.000000	0.000016	0.000150	0.000000	0.000000	132.131092	4.000000	0.000024
189	0.578078	2.866074e+04	378.62	1135.26	8.724630e-02	654.96	0.208872	0.786645	0.004228	0.000000	0.000000	0.000000	0.000089	0.000000	0.000000	0.000016	0.000150	0.000000	0.000000	132.131092	4.000000	0.000024
190	0.578078	2.866074e+04	378.62	1135.26	8.724630e-02	654.96	0.208872	0.786645	0.004228	0.000000	0.000000	0.000000	0.000089	0.000000	0.000000	0.000016	0.000150	0.000000	0.000000	132.131092	4.000000	0.000024
